0.846593192875799 -0.01049880849030043 0.5321369568040207 -0.09778573366303636 0.9797183440324282 0.17489973315685325 -0.5231805769219094 -0.20010432625668229 0.8283962473025921 2.905322072374179 1.2154211330594622 5.424624728388179 
0.8475810311151734 -0.010635015178116485 0.5305594143410339 -0.09857445877453933 0.979243231782997 0.17710383701235352 -0.5214302175469372 -0.20240945990578815 0.8289396472419455 2.8840444555863916 1.2243668310290192 5.399957145505156 
0.8485860362805967 -0.010484092526303848 0.5289535167039594 -0.09952032629950691 0.9787920989303993 0.17905790048099834 -0.519612782447493 -0.20458766061354566 0.8295459272649411 2.8618974934459342 1.2295324157494427 5.374523084416333 
0.849594698644568 -0.010488854343705771 0.527331804435881 -0.10027630690120046 0.9783544846118865 0.18101702879581894 -0.5178160969970922 -0.2066699938896951 0.8301529999441859 2.840179833960476 1.2346910854765742 5.351613860646962 
0.8506484965986848 -0.010683401361087183 0.5256262932633368 -0.10075912102640713 0.9779469988026191 0.182940610753698 -0.5159890839585496 -0.20857979880206068 0.8308126941539282 2.8176641082693075 1.2375011421533046 5.328169141778864 
0.8516979723003624 -0.010850166974652624 0.5239206407998003 -0.10125086761935195 0.9775389229758246 0.184840244193718 -0.5141583664453779 -0.21047548062396007 0.8314693297231915 2.7954293767485443 1.2391411745133145 5.3056394446085084 
0.85266465017254 -0.010641371574180457 0.522350223085202 -0.10214389995015488 0.9771036708685541 0.18664147469994202 -0.512376441738994 -0.21249747665846896 0.8320548085100349 2.7722570925154293 1.2395931379663794 5.280442765430294 
0.8537768628235021 -0.010644768678106917 0.520530265601385 -0.10261853060084053 0.9767376496494705 0.18828967293654875 -0.5104258082077975 -0.21417341725110922 0.8328236557989926 2.7491349406694945 1.2390170128675382 5.258030951663417 
0.854896041240524 -0.010846436786305959 0.5186859487978452 -0.10291630389017636 0.9763666021815356 0.1900433964600399 -0.5084889311134169 -0.21584858802763504 0.8335756678200312 2.7265476150878727 1.2397089983586722 5.234579615711158 
0.8560954932487618 -0.01110537955493459 0.5166983423469637 -0.10305235272882943 0.9760242725972841 0.19172071327322793 -0.5064392550308597 -0.21737821842558924 0.8344255455808532 2.7030351177224934 1.2414860091519673 5.211547417503701 
0.8572706825278843 -0.010930158170900664 0.5147499475672965 -0.10356539143899422 0.9756788992224229 0.19319651991743808 -0.504342330738025 -0.21893199230464294 0.8352889297550019 2.6791188005887947 1.242866134620522 5.186827630259843 
0.8585119868693114 -0.011065503095089406 0.5126740904736262 -0.10367925251445817 0.9753736391562497 0.19467120135535473 -0.5022029281075038 -0.22028122634565664 0.8362226978023874 2.6543527153257425 1.2464379393466565 5.163210470819551 
0.8597624696901882 -0.011021448717162027 0.5105751887630294 -0.10396611590965449 0.9750533434382153 0.19611737351040107 -0.4999995424546791 -0.22169687665398638 0.8371684134192945 2.630411009941688 1.2515463748404332 5.137502222056927 
0.8610260780858437 -0.011018613255804104 0.5084414253559888 -0.10413708816928621 0.9747607285242514 0.19747655302463873 -0.4977846519567802 -0.22298007150593002 0.8381469608532132 2.6076064864920125 1.255633868846785 5.112785797451513 
0.8622689472281594 -0.011097105826786795 0.5063290598892293 -0.10413291227527952 0.9745136154787917 0.19869461449048545 -0.495629497938844 -0.22405371563248574 0.8391372553308348 2.582952065812543 1.2613980316268774 5.089132191473247 
0.863618864189652 -0.011057598327335903 0.504023994404043 -0.10416303562844917 0.9742736637539595 0.19985217067648542 -0.4932671886761189 -0.22509677393216443 0.8402493218925501 2.5586377603303583 1.265229250601918 5.063777863950249 
0.8649703512815959 -0.011124528553600938 0.5016996474667414 -0.10405725030675367 0.9740485497912678 0.20100127190673628 -0.4909158584344064 -0.22606562656447404 0.8413655284260353 2.53551620518211 1.2681545943243344 5.041355403809978 
0.8664626419532577 -0.011189187082929833 0.4991165116401219 -0.10380416162677249 0.9738616116566802 0.20203528743864618 -0.4883310210588138 -0.22686639996675728 0.8426532207484759 2.5121010023991635 1.2700537384946478 5.0182580884820585 
0.8678567911758417 -0.011362154152786907 0.49668449891553873 -0.10344042948098678 0.9736964052022279 0.2030157334913914 -0.48592660717310027 -0.2275658409104208 0.8438537316928643 2.4872712705653526 1.271178977732789 4.997934507375531 
0.8693140549244778 -0.011318791374932677 0.49413050793547725 -0.10325420900823234 0.9735202797215304 0.20395301736673938 -0.48335457195814985 -0.22832027928487642 0.8451261490655877 2.463332191537087 1.2683191424651776 4.976615945588404 
0.8708351617008856 -0.011443515117250877 0.4914419264848633 -0.10278897373679383 0.9733900016305493 0.2048080359844697 -0.48070838147834416 -0.22886885040878843 0.846485972293121 2.438677161465128 1.2646132808203348 4.956304631494356 
0.8739345026075578 -0.011586088702013768 0.4859055954613712 -0.10181610655269255 0.9731712586360426 0.20632785030429485 -0.47525989268875973 -0.22979004311181506 0.8493082894262476 2.389907283266956 1.2499101184226151 4.918436181722864 
0.8754482514858901 -0.011582710852848066 0.4831730536563447 -0.10132293431202345 0.9730987896899421 0.2069115958238472 -0.4725717109103115 -0.23009690635310384 0.8507240397061975 2.3653720972203893 1.241378412475814 4.900007846587183 
0.8771124044952406 -0.011565151757905075 0.4801458915219353 -0.10081316186332476 0.9730054916056605 0.20759821699703004 -0.46958549410698003 -0.23049199675920098 0.852269266813171 2.340466801322017 1.2325113629329632 4.881553404591189 
0.8787406402730599 -0.011751805833441611 0.4771548828128514 -0.1000462649251109 0.9729538064754681 0.2082105553026355 -0.4666965095295093 -0.23070064049445205 0.8537983265786027 2.315684190485253 1.2248245060795637 4.8646181732746765 
0.880474370842166 -0.011767502369233546 0.4739476850645884 -0.09938886392421807 0.9728959376114579 0.20879499109647165 -0.46355877299210446 -0.23094376039874404 0.8554403798716438 2.291064792008924 1.2180707735801415 4.845257226621005 
0.8821652797722285 -0.011655747954995195 0.4707956698016621 -0.09887079554253778 0.9728301959481305 0.2093465443715465 -0.4604443342611262 -0.23122619529614682 0.8570446089065006 2.2658688928292383 1.2121782366132476 4.823051161269426 
0.8838704913383147 -0.011806094685777521 0.4675826885906242 -0.09809091497535555 0.972772024972327 0.20998276079368083 -0.45733043517861754 -0.23146317970577757 0.8586464170424444 2.24052792506281 1.2089871656375477 4.801180438835465 
0.8856525446456313 -0.011752992095106024 0.46419978170991266 -0.09740534103156936 0.9727357485390716 0.21046938744780838 -0.4540173671802014 -0.2316182866073929 0.8603610867582365 2.215252094594227 1.2069566896213872 4.782946135061225 
0.887490991242737 -0.011832650900729116 0.4606731258014143 -0.09649338217123953 0.9727375583759952 0.2108807002119031 -0.45060932930881414 -0.23160662964899972 0.8621540473966888 2.1885816550756294 1.2065335035315194 4.763760664467842 
0.8892818480020861 -0.011899058329175573 0.4572047760302527 -0.09555704986757443 0.9727652309393329 0.21117920280215186 -0.44726574319368634 -0.23148697131032098 0.8639254233317677 2.1620828181876934 1.205351415964729 4.746766559262671 
0.8911796706041866 -0.011658166836716256 0.4535006966343279 -0.09491107748593314 0.9727549577040239 0.21151756341425157 -0.44361095801645 -0.23154239224869824 0.865792953609278 2.1360605922676177 1.2023164663894896 4.7229920438600885 
0.8930025021822047 -0.011902330759851351 0.44989428271406684 -0.09379886235513134 0.972775579714589 0.21191848652684525 -0.44016849559822513 -0.23144331062579593 0.867574601662224 2.1060129048959966 1.202712756150218 4.710346446081378 
0.8949738303367463 -0.011785505834597546 0.4459629411336725 -0.09294717129633215 0.9727877702107238 0.21223754963827227 -0.43632862198162414 -0.2313980466224174 0.8695241673806119 2.07867460867268 1.1989441187070204 4.687310680579493 
0.8968763092174342 -0.011815040641579663 0.4421236148173395 -0.0919624343596518 0.9728134454742701 0.21254860849021362 -0.4326150675036182 -0.23128857541849573 0.8714067926346011 2.0495880156696136 1.1959422657904903 4.668212705583399 
0.898793732670759 -0.011651175159288901 0.4382169282777332 -0.09111467158056746 0.97285044389985 0.212744284122113 -0.42879825411786565 -0.23114122073155313 0.8733302888049846 2.0208546780797696 1.189211603968999 4.645396772186871 
0.9007659710533993 -0.0116049766471404 0.43414973213080066 -0.09006434036688991 0.9729206646449938 0.2128703711205962 -0.4248636016258672 -0.2308477957957638 0.8753286326801687 1.9898058649183898 1.1804850314540682 4.627413126876133 
0.9027784679978796 -0.01162833718543349 0.4299486242491109 -0.08887087822455288 0.973019217203285 0.21292151125873415 -0.42082419693144785 -0.23043086756641007 0.877387377701317 1.9607057239582322 1.16894026751528 4.607363944952467 
0.9047683299900667 -0.011497283628490104 0.42574884793285306 -0.08788382225081866 0.9730825356312666 0.21304180959617114 -0.41673817059824514 -0.23016991836161121 0.8794038354748273 1.929999756388157 1.155491541734549 4.5863104816383435 
0.9067914268406595 -0.011370280005389886 0.42142617970515306 -0.08681106300807417 0.973177045303465 0.2130499421117632 -0.41254472187593083 -0.22977631563548168 0.8814815353853389 1.899186458722418 1.1410934985069767 4.565183718025725 
0.9088593850442332 -0.011430537937624344 0.4169459929289101 -0.08548127793992139 0.9733023572381586 0.2130151931586145 -0.4082493960054028 -0.2292419337667096 0.8836178848711266 1.8670252530955525 1.1269986886776435 4.544925198942549 
0.9109174422905133 -0.01123290478507765 0.41243573460722194 -0.08437985219952324 0.9734289954824499 0.21287562400804644 -0.4038681144553208 -0.22871338527536583 0.8857656199707606 1.8369448854366868 1.1116012154845312 4.520563928561907 
0.9130452229502476 -0.011290333805366981 0.40770203483708073 -0.08285930091207627 0.9736361566901867 0.21252522353340617 -0.3993529229892963 -0.22782704569064152 0.8880383325914369 1.802268307945092 1.0990517594602849 4.501986093210546 
0.9151463837084919 -0.011224640116411541 0.4029653878927156 -0.08152835249192068 0.9738022866096095 0.21227867140588794 -0.3947913678453758 -0.22711916266170243 0.8902565146218389 1.7683318009830966 1.0869002745720002 4.484218145342477 
0.9172776072238961 -0.011080313694251484 0.3980942324802518 -0.08015472233821974 0.9740204007143748 0.21180056534176603 -0.39009872054710293 -0.22618904845426488 0.892558963086959 1.7348222637678576 1.0764337329395608 4.462987086082223 
0.9193897290984453 -0.010992143939176115 0.39319422528809844 -0.07875731435451525 0.9742234852134843 0.21139036471456332 -0.38538268184228464 -0.2253170513523388 0.8948253544161208 1.7005784326768296 1.0673815172653467 4.44386387643248 
0.9215313152348449 -0.010761415215977427 0.3881549007601041 -0.07737997787296175 0.9744774749441509 0.21072728786479367 -0.38051593142195356 -0.2242272123740136 0.89717879108072 1.6672650741848376 1.0592985194130418 4.422051027513757 
0.9236721851872982 -0.010691653806530747 0.3830344408146645 -0.07574996587604371 0.9747889273262713 0.20987732090884806 -0.37562166734774455 -0.22287268944619185 0.8995755261888363 1.6323097906492436 1.05273979630347 4.402653000329294 
0.9257744812569295 -0.01044936664121978 0.37793176710917065 -0.07433366157708046 0.9750765405667632 0.20904603988810097 -0.3706967987587796 -0.22162254121174316 0.9019242388453934 1.5993511612743665 1.045020128343694 4.384582952646534 
0.9279595331309124 -0.010267176932643167 0.37253951461461493 -0.07273579478331957 0.9754078909800804 0.2080599682087606 -0.3655141707631839 -0.22016818864592008 0.9043922598517065 1.566555132912745 1.0369018351520956 4.364868830968541 
0.9301183137594934 -0.010105186561753573 0.36712097136195965 -0.07112739430339358 0.9757387437917742 0.207062303771739 -0.36030655862585437 -0.21870479891443284 0.9068337194563242 1.5338189623893723 1.0288193904899232 4.343938009586238 
0.9343418791827366 -0.00972893967483712 0.3562451410729355 -0.06785799230669498 0.9764819342992375 0.20464194307942848 -0.34985789355876595 -0.21537961769866457 0.9117077791675358 1.4671463647003267 1.0064924410007914 4.304711238668413 
0.9365384509630732 -0.009493734895076704 0.35043629787085323 -0.06615871156656722 0.976884259927473 0.20327362738389154 -0.34426552942683525 -0.2135579820650481 0.9142615782940708 1.434879049933389 0.9916705345054091 4.283828557204639 
0.9386729169913252 -0.009307094515839855 0.34468323559272507 -0.06437201636672799 0.9773310395522479 0.20169353642743273 -0.3387468057648345 -0.21151221505954607 0.9167950613221724 1.401779493715127 0.9747340921387015 4.2663772971782965 
0.940791608353271 -0.00903506539175429 0.3388650428200468 -0.0627053646111206 0.9777548585474394 0.20015862168755838 -0.33313538824485733 -0.209556207687206 0.9192970188783953 1.367697135389619 0.9547095755490452 4.247929393560533 
0.9428987019140054 -0.008869115440600098 0.3329615243841019 -0.06090749252342263 0.9781989220552528 0.1985375184806403 -0.3274634564090974 -0.20748062001363568 0.9218022982371895 1.3356951565999668 0.9340865227345 4.227648997118912 
0.9450450741071843 -0.008629117662125686 0.326826171280881 -0.05907734034951669 0.9786888682758618 0.1966671476636102 -0.3215581996512823 -0.2051673400940951 0.9243953087265967 1.3030513109216397 0.9122959767721459 4.207167007423158 
0.9471375678489471 -0.00852378919053207 0.32071447205733733 -0.05716948771219195 0.9791640722496961 0.19485730494420114 -0.3156930110786534 -0.20289175595185535 0.9269157772542584 1.2719132273423877 0.8911007289897243 4.183932660256184 
0.9492092551149262 -0.00823349128432867 0.314537755484835 -0.05537951953221097 0.979680279855108 0.19276840529349906 -0.30973359330325867 -0.20039650417182467 0.9294656219006507 1.2375922468924385 0.8703356474457962 4.163953780306412 
0.9512409052190353 -0.008131349002567501 0.3083417282844941 -0.0534184837086248 0.9802042791428871 0.19064636568328402 -0.3037880936382164 -0.19782176905834076 0.931976041457229 1.2031719219173478 0.8518102496384196 4.144940203429532 
0.9532529244094738 -0.007785614965364642 0.302073246588302 -0.05167130196891899 0.9807442663330219 0.18833682753975522 -0.29772292262710104 -0.19514114956747025 0.9344950471178879 1.1724300746043153 0.832427705457808 4.119447080307816 
0.9552336028581074 -0.00749758040665072 0.29575758698428234 -0.049905398640593734 0.9812702821864956 0.18605935742165414 -0.2916131258315423 -0.1924900506147817 0.9369681772915641 1.1381266659057703 0.8166536695203773 4.098383966237533 
0.9572316982208855 -0.007265614014249695 0.2892311995171951 -0.04804534665260536 0.9818125208746429 0.18367312955032333 -0.2853053111776761 -0.1897139549605532 0.9394729877474044 1.1080702475901305 0.8007148603665993 4.071398491156567 
0.9590739720455609 -0.007145465545868986 0.28306546675086225 -0.0461156360642295 0.9823927826764514 0.18104631632709375 -0.2793751317765098 -0.18669055377107693 0.941857830501773 1.0726739762805184 0.7871654888511083 4.0542680772065385 
0.9609730305062277 -0.0069965806236168375 0.2765535797982987 -0.0442033319296468 0.9829526009680292 0.1784663825388519 -0.2730877150037954 -0.1837259701560005 0.9442816676205475 1.0422530532922332 0.7738087067843595 4.03058932039022 
0.9628374157687972 -0.006777522607410158 0.2699966221695567 -0.04235977283990985 0.9835233664762547 0.17574822115789931 -0.26673912431552965 -0.18065395866828024 0.9466860022081576 1.0109254422519536 0.7584846618165125 4.008106634602908 
0.9646430091764336 -0.0066122320760193115 0.26347702600797634 -0.04052104251385818 0.9840787351966618 0.17305226969713064 -0.2604264002758267 -0.17761002595774597 0.9490167378495827 0.9791665223940104 0.7442626026977827 3.9876696007969588 
0.9663952470338862 -0.006362634924172442 0.2569819903945326 -0.03878588675360335 0.9846398353339363 0.17023527737309757 -0.254117849627 -0.1744818373080147 0.9513044764693209 0.9476575310242241 0.7282181005493755 3.9660168637469155 
0.968093542095194 -0.00613259439005619 0.25051404160171886 -0.037049546766239116 0.9852107779902298 0.16729331730915714 -0.24783507588313025 -0.17123701182259965 0.9535489819322707 0.9166732554037038 0.7113715813723452 3.9480352545907382 
0.9697771393494388 -0.006073087514439565 0.24391682517460989 -0.035142000379744985 0.9857902673103398 0.16426377776466372 -0.24144842058818533 -0.1678709816622599 0.9557834449870013 0.8862729349137182 0.6916487732574299 3.9269886985263893 
0.9714198592363674 -0.00589962962826013 0.23729444041410983 -0.033362757462842375 0.9863737831518671 0.16110147834563462 -0.23501145396697523 -0.16441397228010393 0.9579862536714217 0.8555146080975279 0.6700720644466225 3.9057925256813144 
0.9729821063389062 -0.005700203893922142 0.23081015666532784 -0.03167640923876766 0.986945901841455 0.15790627579705402 -0.22869723619240262 -0.16095121780814486 0.960100140424962 0.8241902099699293 0.6465782562138735 3.885539971273958 
0.9745278718429081 -0.0054296087486166815 0.22420068320629508 -0.030064284515705027 0.9875203726380912 0.15459512418341068 -0.2222421332643549 -0.1573976904962788 0.9622028898462872 0.7934584866828354 0.6218820456426031 3.861579706945998 
0.9760120549071228 -0.005241037671923014 0.21765339464409206 -0.028459758595233538 0.9880608160444178 0.15141289885059397 -0.21584835143377035 -0.15397517761561655 0.9642101087737894 0.76225470856357 0.5981304519421684 3.84188257442066 
0.9774740399790148 -0.00505610716670153 0.2109951111931796 -0.02679951276293896 0.9886474062568419 0.14784482479034602 -0.20934728869219316 -0.15016904435314846 0.9662416731001047 0.7309350562263173 0.574997140662814 3.8161836626443537 
0.9788612072705354 -0.005002731287171283 0.20446444576145387 -0.025124454534908365 0.9891880088571512 0.1444847566961578 -0.20297659639769675 -0.14656758104332945 0.9681520776726731 0.7016497112899087 0.5520705501430656 3.788662126060645 
0.9802071004968586 -0.0048849672716744594 0.19791457053561246 -0.023560866311972448 0.9897124286013833 0.14111766101583859 -0.19656786541591842 -0.14298757207081472 0.9700080559042399 0.6721268421081708 0.5316656064254711 3.763694559628869 
0.9815309793309356 -0.004813113587455368 0.1912427006482833 -0.021991080622693567 0.9902175765249915 0.13778803835608813 -0.19003507304363804 -0.13944886187619773 0.9718233820683326 0.6427221416247664 0.513336077442244 3.7378156277866936 
0.9827603834312026 -0.0046422149056221974 0.18482553557050926 -0.020574631150743608 0.9907292739424807 0.13428399125143684 -0.18373544380757464 -0.1357717039525362 0.9735539692768236 0.6122184971944027 0.497163410925437 3.7096197240957136 
0.9839517144009157 -0.004502927566326027 0.17837810227388157 -0.019198128350694597 0.9912069581317825 0.13092057905069432 -0.17739914203662088 -0.13224405390969857 0.9752133379985117 0.5843151599369413 0.48223273354574836 3.6835062018831266 
0.9850907178734815 -0.0044178637997781415 0.1719789523138096 -0.01781033139923503 0.9916797089430277 0.12749175254157163 -0.17111127857320924 -0.12865394416852727 0.9768157927649015 0.5572971211910046 0.4690029063283544 3.6547835894036123 
0.9871746577567339 -0.004100618698194093 0.1595912905178963 -0.015431844663982279 0.9925375899798445 0.12095863196675463 -0.15889636010035688 -0.12187008411950037 0.9797446755882696 0.5046039713129122 0.44234425883600453 3.5965927998575933 
0.9881819736582634 -0.004212819501948847 0.15322740971739726 -0.013996270622166018 0.9929666524391878 0.11756415930199313 -0.15264498467204948 -0.11831939526365626 0.9811727826223638 0.4809383240796247 0.42985614859709426 3.5667393728534003 
0.989090771040033 -0.004001163453370703 0.14725297054542733 -0.013017739010473615 0.9933459349197185 0.11443073035476804 -0.14673099575239126 -0.11509928005634897 0.9824572105776526 0.45684051550856425 0.41602120979035656 3.5395369035746334 
0.9899545667109114 -0.0040707447121751394 0.1413272262718691 -0.011789858704120526 0.9937272823005585 0.11120740822122849 -0.14089341744719186 -0.1117565096494803 0.9836968676736838 0.43301954003629217 0.40097614684381827 3.5128382288872295 
0.9907829661533241 -0.003963574817077136 0.13540090123441012 -0.010795599698030834 0.9940819080742223 0.1080953979902633 -0.1350280304513879 -0.10856081297679643 0.9848766323140357 0.4113123105254532 0.38392186926500066 3.4827097265330598 
0.9915453585533974 -0.003933716558154056 0.1297009167479346 -0.009783297046494856 0.9944291534256503 0.10495211248967139 -0.12939122470289321 -0.10533368260525545 0.9859831267718027 0.3896729945499213 0.3661163184913659 3.4572638132920734 
0.9922653499877998 -0.0038977898064111983 0.12407369764867236 -0.008836637052120525 0.9947533196315242 0.10192029693673196 -0.12381998650944127 -0.10222837334462268 0.9870248075018754 0.36893610926296755 0.34704610060502716 3.4322036912829628 
0.9929579355794069 -0.003923964919682683 0.11840245212490919 -0.00786493286124377 0.9950628227054366 0.0989349367037596 -0.11820609544761404 -0.09916945784261345 0.9880246644847646 0.3498471192473107 0.32630699704775123 3.405461821998935 
0.9935793165238029 -0.003999401207930406 0.11306700034081871 -0.006897443553105676 0.9953747967574204 0.09581982703259279 -0.11292726441619141 -0.09598447150504233 0.988956224603179 0.33050337939172414 0.30668139112454973 3.377924129051217 
0.9941757840379801 -0.003807635207029869 0.10770335346031609 -0.006269199082677706 0.9956400312054363 0.09306785376326027 -0.10758813863679095 -0.09320102024853608 0.9898173378201165 0.3130057800803204 0.2870809654642547 3.3486910108354224 
0.9947261524444613 -0.003858818099489553 0.1024938591619694 -0.005425891756173049 0.9959129751238118 0.09015489825122164 -0.10242285556304737 -0.09023555564694488 0.9906397443851112 0.2961005120219118 0.2683334342867622 3.320699787903202 
0.9952431868662323 -0.0038960371056110605 0.09734382307685364 -0.004661095560148585 0.9961514649262799 0.08752447151171934 -0.09731019054819103 -0.08756186281765772 0.9913947987534414 0.2806005138226289 0.2521723131128715 3.2913646826776697 
0.995711546130552 -0.003898515934682861 0.09243007343831612 -0.00396131333308767 0.9963986477634161 0.08469972096714859 -0.09242740339846504 -0.08470263460331534 0.9921101948837511 0.26564246750463305 0.23924597443795312 3.263294786479489 
0.9961512033582923 -0.003919582344910972 0.08756378773253062 -0.0032785424403997624 0.9966343708875833 0.08190959604941017 -0.0875901319058986 -0.08188142426553482 0.9927856773508342 0.25159110867799267 0.22773037496814041 3.2362345372989036 
0.9965603816975058 -0.003933396907041183 0.08277640980190716 -0.0026591532180959675 0.9968407038065797 0.07938224070007964 -0.08282713646555868 -0.07932931124858182 0.993401492772052 0.2387884549128266 0.2175060423264515 3.207121658297391 
0.9969308300618387 -0.003948245474611174 0.07818779591397529 -0.0020763657399821434 0.9970426426011381 0.07682224638900531 -0.07825987974388324 -0.07674881232052666 0.9939743512937653 0.22599265581581193 0.21060406809392926 3.181722317202386 
0.9972784666109288 -0.0040474026303995445 0.0736157494433221 -0.001436252772861699 0.99723600437371 0.07428518532473578 -0.07371293788831774 -0.07418874653682543 0.9945161801977722 0.21418207475751797 0.20347140723520146 3.155354708639282 
0.9975946288969184 -0.003979418708049937 0.06920347262071137 -0.001009438427549507 0.9974109220393645 0.07190572738416391 -0.06931044243171812 -0.07180262406995121 0.9950077616514299 0.2025163393555166 0.1983525497586896 3.1256515753623106 
0.9978795888442749 -0.004021184351556573 0.06496272965625538 -0.0005063332688850725 0.9975798894981193 0.06952774766624456 -0.0650850965628979 -0.06941321304572318 0.995462573912283 0.19103247901481255 0.19264614890393922 3.0987004393430504 
0.9981554634897382 -0.004125829755439683 0.060569367129063904 3.759117836564085e-05 0.9977298617793499 0.06734331073434682 -0.06070971332900121 -0.06721681666509216 0.9958896677167215 0.18113551215603219 0.1862520468858014 3.0712783021208554 
0.9983977368107957 -0.004141395299586184 0.05643410295250155 0.00046456030395226303 0.9978844616332598 0.06501065616207105 -0.05658394926836559 -0.06488027493677567 0.9962875120211652 0.17085524349489223 0.17929335297072285 3.04306772027549 
0.9986175922212169 -0.0040547410846311725 0.052406713129482106 0.0007528993353102826 0.9980213810061629 0.06287094875331825 -0.05255794563041936 -0.06274457848522122 0.9966447612975357 0.16105094622135235 0.17008261237184127 3.014923302047352 
0.9988172398363254 -0.004160113904096 0.04844393520399817 0.001213581394715907 0.9981556332032857 0.060694803111519466 -0.04860708411273634 -0.0605642250578067 0.9969801031200195 0.15170582459358345 0.15884897952221363 2.989010936043478 
0.9989908970756451 -0.004176451178677807 0.044718506410099126 0.001549527187278527 0.9982792948902733 0.05861781605343748 -0.044886373494567824 -0.05848937210238171 0.9972783998591243 0.14302007435148764 0.14638779475625663 2.96008398340547 
0.9991529764973299 -0.00406790396629364 0.040948525173041615 0.0017413142829845625 0.9983901108344059 0.0566935129678041 -0.04111322635228332 -0.05657418797812047 0.997551534444974 0.13458602316388396 0.13229754566543073 2.929116499797656 
0.9992946625296721 -0.0041100249750962384 0.03732673484799918 0.0020637089387513493 0.998500939243796 0.05469566193651393 -0.037495580341219796 -0.054580051520325495 0.9978051410124693 0.12600825986347414 0.118378730789794 2.8994323322283577 
0.9994206140402384 -0.004113268186174436 0.03378634718730664 0.002324478684515601 0.9986016732621474 0.05281377620360532 -0.03395634006011028 -0.052704640999326424 0.9980326586774875 0.11880690111407832 0.10545082578877532 2.8683772114560826 
0.999529916604552 -0.00406781591663287 0.030387475811022514 0.0025183571008500524 0.9987028536912742 0.050855362612196475 -0.03055492906242278 -0.050754929835177404 0.9982436242758661 0.11187659570024912 0.09355428702479376 2.8385049784247967 
0.999622536595869 -0.004162138099656506 0.02715623199341048 0.0028262266010813217 0.9987924359199816 0.04904775624051432 -0.027327582638057898 -0.04895249284223387 0.9984271914725135 0.10404250284803046 0.08327557689715215 2.808632031447053 
0.9997068444064329 -0.004020988975847094 0.023875864268928428 0.0028878544405791266 0.9988762876866008 0.047305625396618145 -0.024039250064471742 -0.04722280746727425 0.9985950735464533 0.09860201467801104 0.0764781818433934 2.7755557811108935 
0.9998330572595779 -0.004042455855332739 0.017818983181517555 0.003259365801067874 0.9990368003212206 0.04375897780470266 -0.017978713678690937 -0.04369359397663824 0.9988831942223596 0.08863852046448673 0.06969015962747613 2.7097772651718026 
0.9998813537168653 -0.003963045808049421 0.014885320193141613 0.0033334595393205474 0.9991084732566938 0.04208499393106809 -0.015038834290887057 -0.04203038109036875 0.9990031434027471 0.08416245443741191 0.06900618744075784 2.6779336450967297 
0.99991767228891 -0.0039834754251200435 0.012197564013585824 0.0034877239998256527 0.9991775632191282 0.04039842745437094 -0.012348458431281996 -0.040352559807557385 0.9991091964802188 0.08015086005139446 0.06855996468745693 2.6469648759679107 
0.9999472675133356 -0.003991808642360472 0.009461905536215195 0.0036208182051639176 0.9992362824643144 0.038906830793858774 -0.009609987936445968 -0.038870519300101714 0.9991980438637786 0.07745558974271864 0.06825285755380862 2.612985820968856 
0.9999690929113548 -0.00398047348162519 0.006780048149109753 0.0037242632388353966 0.9992937642971539 0.03739120886187009 -0.006924094552360418 -0.03736480252438399 0.9992777033672591 0.0744805963847203 0.0676343057530678 2.5783164769096114 
0.9999828540205947 -0.0040586458899376735 0.004221262650680441 0.003904258098921354 0.999345585631806 0.03596049564341155 -0.004364451113593169 -0.035943398166602254 0.9993442968740625 0.07116440553385332 0.06580856045756815 2.5480335633767335 
0.999990044452733 -0.0041117582840965285 0.001733331830416131 0.004049498555142794 0.9993961507933405 0.034509931047547696 -0.0018741816542338107 -0.03450256835755512 0.9994028518169534 0.06953012341556164 0.06125909667532698 2.516129259096624 
0.9999914344911298 -0.004083173399472037 -0.0006772291799590703 0.0041033845657961 0.9994416930127306 0.033158173999061756 0.0005414605041278821 -0.0331606689141928 0.9994498871167508 0.06796849147592172 0.05379396950989588 2.4848119588401167 
0.999987193135522 -0.004088307071224233 -0.002983171170354412 0.004180685047575278 0.9994903696255003 0.031646846579298706 0.0028522688290615722 -0.03165891298152967 0.999494661212032 0.06691852048240665 0.046312028925245455 2.456105276785455 
0.9999771735510835 -0.004217136524556393 -0.005279027971082888 0.004374747196027656 0.9995340203392302 0.030209332522685945 0.00514917117185584 -0.030231737363714564 0.9995296534331607 0.06694159229975606 0.03588912950101823 2.42613700561285 
0.9999642693230509 -0.004046181921525857 -0.007422162021597131 0.004260556713166372 0.9995674734117765 0.02909834623636369 0.007301214536692813 -0.029128929074981887 0.9995489971768438 0.06816310358901206 0.025674211214408924 2.3932118582921817 
0.9999466741336174 -0.004121785187003914 -0.009468884622249539 0.0043838321134907375 0.9996032654776209 0.02782253874968256 0.009350449460748185 -0.02786256508918472 0.9995680299817181 0.06972719520039801 0.014987266804040892 2.360603307002994 
0.9999263194548331 -0.004064289168813582 -0.01143840963872395 0.004367735905074844 0.9996358161671444 0.026630019130871492 0.011326011856541049 -0.026678016969020134 0.9995799141969721 0.07154625900378314 0.005836784140141909 2.333089630741454 
0.9999027282009598 -0.004055474933688126 -0.013344933845458483 0.004392442409326976 0.9996697746116915 0.02531892923270308 0.013237846726646364 -0.025375083268279298 0.9995903483743577 0.07438727122445228 -0.002868555197588472 2.301473837369512 
0.9998773051733882 -0.004085898847485469 -0.015122170142251293 0.004451064382319732 0.9996973893038771 0.02419334298679535 0.01501874245959109 -0.024257684341675977 0.9995929182048621 0.07826090866783782 -0.009110103071669711 2.270747395554038 
0.9998507005004164 -0.004081437206489818 -0.016790431178387525 0.0044698633266447565 0.9997217399034313 0.023161672787108734 0.016691226158308547 -0.02323326569351493 0.9995907254144302 0.08192305132926893 -0.012943090323453942 2.241129341746341 
0.9998224876857008 -0.00407797381452245 -0.01839465268888696 0.004483809045083593 0.9997462481581729 0.022075659675398988 0.0182999610497928 -0.022154219084067926 0.9995870657438256 0.08658375599322424 -0.014132848291887523 2.208768413951706 
0.9997962321675354 -0.003926545820506705 -0.01980091870391562 0.0043423890393916404 0.999770000631741 0.021002130707126233 0.019713898676572972 -0.02108383444082467 0.9995833302552828 0.09064306963388961 -0.013731412921273677 2.1791803016289335 
0.9997678137986798 -0.0039567868149039415 -0.021181650792835658 0.004380103979735988 0.9997908623372489 0.01997614267237353 0.021098179573956943 -0.020064282320624478 0.9995760558324831 0.09500541530163223 -0.011716534907372355 2.1491689169866475 
0.9997341504180104 -0.0039035343393604527 -0.022724236128863432 0.004338460571182219 0.9998077529916394 0.019121579895013504 0.022645225718707366 -0.019215084633446743 0.9995588898482561 0.09980147994731257 -0.008352305138297163 2.1169225510207257 
0.9997056752920629 -0.0038935740425331874 -0.023945831996736104 0.004330632330927746 0.9998244908086193 0.018227265370852553 0.023870660075811102 -0.018325601230531816 0.9995470793950051 0.10326956063966261 -0.005840401730931686 2.0874363315440725 
0.9996734971889701 -0.0039853540090913075 -0.025239175331147074 0.0044248955763563375 0.9998391091093527 0.0173832158864346 0.02516583630862494 -0.01748922093285661 0.9995302936049759 0.10778855710944121 -0.003961517799134388 2.055763537724259 
0.9996413220119309 -0.003919277581831486 -0.026492764851478993 0.004358982758758893 0.9998533744691765 0.016559856035292437 0.026423977663252184 -0.016669397884666436 0.9995118331358638 0.11126252398047277 -0.003781460873433222 2.0239949215502464 
0.9996101258094869 -0.003989046223818121 -0.027634831089874804 0.004425829373399943 0.9998659698242215 0.015762437052263493 0.027568250098604714 -0.015878598732043742 0.999493802726564 0.11420178287250675 -0.0062415827044120294 1.9949048887410086 
0.9995775494275734 -0.003909018605745985 -0.02880003913030447 0.0043390128282652166 0.9998798274297238 0.014882999253575753 0.028738400234586594 -0.015001675661262587 0.9994743889061446 0.1177205099437835 -0.011185965910233514 1.9638186767821162 
0.9995468881960364 -0.004011129954339973 -0.02983168004168753 0.004435695674686316 0.9998896269734808 0.014179508972979938 0.02977151157569583 -0.014305408324219412 0.9994543573326276 0.12088872341058361 -0.018121691222986718 1.9334226256966762 
0.9995179960707552 -0.003909615767301287 -0.030797571905162982 0.004325096991591591 0.9999003832090922 0.013435668733775902 0.030741975647556236 -0.01356239517424954 0.9994353367629256 0.12403720622777037 -0.025898794542739488 1.9014775599618012 
0.9994892042135092 -0.003952651199804646 -0.03171288711452954 0.004359390977672178 0.999908997868994 0.012766819922279475 0.03165953838813828 -0.012898547558419305 0.9994154797179866 0.1271540805235042 -0.03432608456009996 1.87021227846061 
0.9994570965056686 -0.003992738071363899 -0.03270428545545853 0.004389803961297004 0.9999174186597193 0.012078306258132304 0.03265335917849825 -0.01221531430530292 0.9993920873364881 0.1304977034962239 -0.04233920726145875 1.8369280340472876 
0.9994272003631482 -0.0039932863214917555 -0.0336054287077862 0.004378986642891755 0.9999252976032402 0.011411559448770937 0.03355734867746392 -0.011552180635102815 0.9993700273033573 0.13393652953251986 -0.04961719079733446 1.8024648075545346 
0.9993749604016029 -0.003901206446214792 -0.0351350126022269 0.004261393625715321 0.9999390770294424 0.010182472876155646 0.03509314814406572 -0.010325832546141 0.9993307000865969 0.1393053775559711 -0.057393921078557585 1.733911677049215 
0.9993493441817214 -0.003884910633026884 -0.035857994268176596 0.004231388390588045 0.9999450460932725 0.009591670647547639 0.035818760948017 -0.009737158871889936 0.9993108645968242 0.141503626248157 -0.058460569518624696 1.7028918973011156 
0.9993304112904401 -0.0037793782625416255 -0.03639293022042031 0.004108998699523499 0.9999511761695348 0.008986735049576155 0.036357189107067506 -0.009130256136198708 0.9992971496122264 0.14296177170423482 -0.05631093037475265 1.6710775112716705 
0.9993016043641866 -0.0037105545244504427 -0.03718245957819124 0.0040259378301670395 0.9999565244839821 0.00841076491782279 0.03714963444975435 -0.008554585146944826 0.9992730976731102 0.14568212836216404 -0.05142975153504646 1.639201692919622 
0.9992720409308108 -0.0037472078403916016 -0.03796507141272012 0.004047365291521727 0.9999611355938971 0.007832377414348083 0.03793424637671105 -0.007980334276501981 0.999248371135358 0.14926426428014658 -0.04678363411605881 1.6071730924133962 
0.9992548787260476 -0.0037888269603274893 -0.03841005249224065 0.0040810657844947106 0.9999632998979986 0.007532845356698081 0.03838010219182088 -0.00768398642437614 0.9992336684221441 0.15068999447507714 -0.04145648386569119 1.5756228813079214 
0.9992342280512116 -0.003767648089968866 -0.03894563285875931 0.004049148024862113 0.9999662284129661 0.007151673497894025 0.0389173726139352 -0.007303893579309495 0.9992157380903336 0.15328749341238856 -0.03567787149035898 1.5423290822194895 
0.9992094580778526 -0.0038353381662653632 -0.039569547241717865 0.004105575227131052 0.9999687875403905 0.006750421990931993 0.039542422027722596 -0.006907541252260364 0.999194016562364 0.1563979543853772 -0.03046536881193264 1.5107128995515826 
0.9991885037686515 -0.003935840878896817 -0.04008544739851798 0.004192057801675726 0.9999713066202393 0.00630972167364714 0.0400594631510553 -0.006472641870788737 0.9991763329459229 0.15964168867807613 -0.027341440828438323 1.479216127865357 
0.9991755336576639 -0.003928316051503658 -0.040408183242038244 0.0041669816237345555 0.9999743592519038 0.005823839188357503 0.0403842692650257 -0.005987417785981597 0.9991662832703003 0.1611993969490446 -0.025932878279236512 1.4500462511350818 
0.999155097249527 -0.003888852646213338 -0.04091415971744307 0.004121689949449095 0.9999757803741935 0.005608060001754277 0.04089135987282658 -0.005771957217331517 0.9991469267318157 0.165090995171361 -0.027422003546051815 1.416783116287447 
0.9991393291281195 -0.0038467130411848223 -0.041301377558018604 0.00406174760969111 0.9999786240912417 0.00512382346906969 0.04128078482498114 -0.005287169315030436 0.9991335959944836 0.1673280913027373 -0.030618624189762748 1.3864526108337079 
0.9991213490498433 -0.003827269517408908 -0.041735858453640605 0.004030762725558964 0.9999803913919681 0.004792680191336472 0.04171669719274832 -0.0049566964409066975 0.999117184486245 0.1705915872629002 -0.03486409324834095 1.3574679080220806 
0.9991086548809343 -0.0038154256505466347 -0.04203972251472674 0.0040045867538008595 0.999982229693799 0.0044162859451417295 0.04202212544530982 -0.004580701226136068 0.9991061796172294 0.17472866249880012 -0.03928080503467482 1.3271123860764404 
0.9990945316591839 -0.0038303781919700104 -0.04237269181468574 0.004009552180659752 0.9999833738001835 0.004144347296379079 0.04235611290034087 -0.004310490239974858 0.9990932786150974 0.17911697482846603 -0.04362878613640835 1.2963045277935024 
0.9990758166711504 -0.0038754081338421382 -0.042807636639621394 0.004039380604074661 0.9999848305153395 0.003744615273042928 0.042792475357346774 -0.003914070899182989 0.9990763154543235 0.18369393546312532 -0.046936307449970786 1.264745736975502 
0.9990634807458191 -0.003827186590814567 -0.04309888725764836 0.003975653517553545 0.9999864535047711 0.003359610998101434 0.04308544556061547 -0.003527810900443667 0.9990651625049759 0.18841532754245066 -0.047529444866804646 1.2332399311878401 
0.9990539928027523 -0.0037836887209146096 -0.04332208633643155 0.003924800426495501 0.9999872649489665 0.0031726773390190273 0.04330953020398843 -0.0033397065063516724 0.9990561200222744 0.19313920208285595 -0.04739807602088001 1.202148415367463 
0.999039684388851 -0.003771687842473277 -0.043651842882562485 0.003905822800248011 0.9999879082635338 0.0029879549821434995 0.043640045422502084 -0.003155581965532293 0.9990423358086387 0.1973111371640043 -0.04522499642370301 1.1716263775486542 
0.9990284344664118 -0.003744740409107122 -0.04391086479288237 0.003871963108572833 0.9999885485247387 0.0028126004110096718 0.04389982949028672 -0.002979889033934149 0.9990314936137245 0.20229804274196173 -0.04087186221217433 1.1394257120350395 
0.9990151215643481 -0.003740420627533534 -0.04421307656451776 0.0038540820836535086 0.9999894833625148 0.0024858028206645034 0.04420331364347304 -0.0026537554333216575 0.9990190311725983 0.20716271817344845 -0.03532841263422407 1.1098113962397376 
0.9990080116141514 -0.003745944263992393 -0.044372971867009975 0.0038505888773461305 0.9999900030371995 0.00227305762337682 0.04436401352489487 -0.002441664848539967 0.9990124486595401 0.21058890666821234 -0.030566575448961925 1.0832240228019645 
0.9989970363127982 -0.0037489074703203847 -0.044619134135757604 0.003847819083388004 0.9999903262646171 0.002131118365084947 0.04461071313650196 -0.0023006672865634554 0.9990017973975268 0.2145882277051138 -0.02514859377785831 1.0514784387501495 
0.998989990123051 -0.0036752097145290245 -0.04478272510132378 0.003765629852904151 0.9999910380715535 0.0019348923452334815 0.044775212626602015 -0.0021015732513899074 0.9989948767256576 0.21814489644221882 -0.020675864112420877 1.0228721547873743 
0.9989821057880014 -0.003727046752319148 -0.04495399245758144 0.0038113299086621672 0.9999911360263917 0.0017893107538540628 0.04494692514174467 -0.0019588239207616017 0.9989874558417386 0.22248657715278072 -0.017508355773791777 0.992636766765706 
0.998973379095675 -0.0037904258956436643 -0.04514222557316508 0.0038661157622265907 0.9999912632677963 0.001589508411422371 0.045135806263785175 -0.0017624016586900062 0.9989793055580838 0.22585560126684576 -0.0169920998747965 0.9668176393454344 
0.9989723661555014 -0.003769544041801592 -0.04516638346597709 0.003837150859844132 0.9999916437229547 0.001410233151716606 0.0451606901071891 -0.0015820941755537918 0.9989784827748104 0.2293163782619873 -0.01842918725110983 0.9372676032027896 
0.9989659056887742 -0.0037635928625519423 -0.04530954248469241 0.0038247346348062625 0.9999918883300111 0.0012628060627432422 0.045304422260751896 -0.0014347971786060067 0.9989721971509897 0.23399848604271384 -0.022801147010851626 0.9071291594143407 
0.99895893501135 -0.0036849318673711014 -0.04546941211542108 0.003737341674931879 0.9999924461387116 0.0010676810013143406 0.04546513431404318 -0.0012365042048384412 0.9989651608635595 0.23817032956532103 -0.027760819191926488 0.8783072067584523 
0.9989604945388428 -0.003679505703022896 -0.045435576242543484 0.003728806914983405 0.9999925475987833 0.0010003728734269142 0.04543155676070689 -0.0011687534712412453 0.9989667700507471 0.24173609404194463 -0.03436311300586428 0.8496248766787633 
0.998953156134122 -0.0036752363358937613 -0.04559697893010026 0.003711524637136893 0.9999928593550702 0.0007112128645871764 0.04559403946290136 -0.0008797026464406286 0.9989596636945405 0.2511173832768947 -0.04586687411216797 0.7843031242359468 
0.998951169142052 -0.00370128977202515 -0.045638384324501347 0.003733761054655832 0.9999928333845636 0.0006262650390413799 0.04563573926336817 -0.0007960110149314175 0.9989578297747858 0.2543960039840364 -0.04917970207465959 0.752612890957835 
0.9989470599402637 -0.0036538109344400097 -0.04573205770964877 0.0036832867536240412 0.9999930597167046 0.0005602830656629606 0.04572969314782089 -0.0007281374035562517 0.9989535849980857 0.2581526232858316 -0.0503254389461531 0.7192759079045071 
0.998952317693848 -0.003557514121178913 -0.0456246760795862 0.003579928262388033 0.9999935081609668 0.0004095724096267304 0.04562292283190225 -0.0005724763752196863 0.9989585683015458 0.2593258762509014 -0.049839733677929765 0.6902322513532989 
0.9989587357024367 -0.0035162692939228702 -0.04548714339285198 0.0035366677198056373 0.9999936782686059 0.00036797318352607683 0.04548556194254334 -0.0005284629378912803 0.9989648564297416 0.2611482592319656 -0.04615784059052413 0.6591244565516724 
0.9989598650998932 -0.0035954146807964265 -0.04545614274084742 0.00361055055596093 0.9999934504709106 0.0002508783875636914 0.045454943012680514 -0.0004147391416419099 0.9989663038096722 0.2658121976439465 -0.0415325689105648 0.6265097774990263 
0.9989637243726578 -0.00361211701881418 -0.04536992393812196 0.003624157352512248 0.9999934159521888 0.00018312770650640226 0.04536896374166828 -0.0003473656791507248 0.9989702380281867 0.2698721701405138 -0.035126153782167685 0.5944575695026821 
0.99897083861157 -0.0036244376581138016 -0.04521202334953783 0.003633786099324891 0.9999933900169931 0.0001245829298908792 0.04521127295576913 -0.000288745535919681 0.9989774058624822 0.2731736860462292 -0.028882692670047238 0.5646250323991877 
0.9989774504656221 -0.0035742929812430995 -0.045069700363877314 0.0035800444677286433 0.9999935905206107 4.689676261758813e-05 0.045069243867792284 -0.0002082003398046963 0.9989838436680566 0.2763859453396359 -0.022353975633965368 0.5345040360156209 
0.9989825619424625 -0.003707071954007522 -0.04494550647619742 0.003714799247911411 0.9999930962019151 8.840280065178833e-05 0.044944868465952935 -0.0002552763899327879 0.9989894361966711 0.2821469855780836 -0.01635184388444901 0.5004992307687416 
0.998993130151988 -0.003616595261707752 -0.04471740318764186 0.003620194748000417 0.9999934470734031 -4.892806421729679e-07 0.04471711192731123 -0.00016139692016387105 0.9989996766025074 0.28594994516592814 -0.010905108596283283 0.46884221720200214 
0.9990079610400656 -0.0035713179364335757 -0.04438850602090364 0.003573470039143373 0.9999936146591851 -3.086642988984117e-05 0.04438833281899913 -0.00012778518715919797 0.9990143440314037 0.28796416823489673 -0.008398878100728487 0.4418215361886527 
0.9990176881194194 -0.003556159547054093 -0.044170267757920406 0.003559860643635651 0.9999936636628494 5.133231367252037e-06 0.04416996962562213 -0.00016236818674336378 0.999024017438942 0.2934563771333707 -0.008700634435405979 0.4093046755320861 
0.9990339329196596 -0.003514651545240635 -0.04380465842342352 0.003516965618941962 0.999993815163509 -2.4239738395587434e-05 0.04380447269300764 -0.00012984315644238954 0.9990401149667827 0.29626153400227495 -0.010423503609160821 0.38016622024923746 
0.999049266418816 -0.003486305522883134 -0.043455827478334604 0.003484268119572912 0.9999939224007669 -0.00012262626116677872 0.04345599088384241 -2.8902078030069374e-05 0.999055341820949 0.30002767379624645 -0.013836922764348518 0.3493035132466966 
0.9990715693407147 -0.0034278555455722146 -0.04294472192761327 0.003426373887926221 0.9999941241200608 -0.0001081079661875552 0.04294484016807462 -3.913707839979302e-05 0.9990774440308556 0.302233818647991 -0.018767748097791453 0.321686268250321 
0.999089173316596 -0.003428979222318272 -0.04253311489949477 0.003423447854507459 0.9999941194037505 -0.0002028859406130321 0.042533560471093676 5.709124573643966e-05 0.9990950370081123 0.3062104230425073 -0.0238011004655629 0.29105320682434477 
0.999106994909053 -0.00347565656357905 -0.042108580304419004 0.0034687391211759007 0.9999939557411298 -0.00023733966467787485 0.04210915070042232 9.106403930991866e-05 0.9991130121936306 0.3101226575505181 -0.028028729357991344 0.2605785115878334 
0.9991221555089032 -0.003440313319826256 -0.041750240903551915 0.003432363981355142 0.9999940750773958 -0.0002620831989618864 0.04175089518492615 0.00011855110757921691 0.9991280441949831 0.3157380103234031 -0.03143409238828245 0.22704703120473 
0.9991511327982083 -0.0033755820931396763 -0.04105629395829022 0.003365110081053471 0.9999942854573728 -0.00032417085112914203 0.04105715360566847 0.00018573672443610454 0.9991567823118 0.31787699828022153 -0.033368255444126194 0.19931658205713143 
0.9991804829587425 -0.0033446063382289414 -0.04033827069640308 0.00333335737773604 0.999994384448662 -0.00034612098185966107 0.04033920181320281 0.0002113754575857216 0.9991860207776576 0.3197344737585994 -0.03264616129083585 0.1711332073435377 
0.9991996488887059 -0.003373825063927166 -0.039858235850634284 0.0033619680751331106 0.9999942821377099 -0.0003645031522835385 0.039859237716601624 0.00023020930531957964 0.9992052782948694 0.3250598276518935 -0.029829880785987063 0.13676181510977398 
0.9992311851836294 -0.0033216349660312103 -0.03906411777669574 0.0033084483816699026 0.9999944461854454 -0.0004022033939567565 0.03906523679468669 0.0002726525567886166 0.9992366250967577 0.3280272117143386 -0.024439710840788928 0.10673220577189096 
0.9992580339045068 -0.0033761261153981005 -0.038366436500569485 0.0033622100186745407 0.9999942564920068 -0.0004272315401450069 0.03836765853019478 0.0002979185316442386 0.9992636459030514 0.33146708997198343 -0.019129668200962003 0.07768859647540236 
0.9992879794229659 -0.003322145665451528 -0.03758320807147268 0.0033057453952341806 0.9999944117538377 -0.0004985062466672532 0.03758465415762098 0.0003739107829414471 0.9992933773234858 0.33339651718247165 -0.012529831609686827 0.05022869383095262 
0.9993175553774029 -0.0033034099064898036 -0.03679009374167325 0.003291631854008662 0.9999945100956067 -0.00038070774250448486 0.03679114940130406 0.0002593484860807752 0.9993229428288403 0.3364931099586353 -0.007882593581598756 0.019958402210742014 
0.9993413636901921 -0.0034218164658785873 -0.03612658287052561 0.0034086686622698055 0.999994099936709 -0.0004255228810107015 0.036127825782601035 0.00030209906528496 0.9993471313514523 0.3417768588875877 -0.002067202540391998 -0.014397487777231464 
0.9993763930674184 -0.003389432898417122 -0.03514735728591609 0.003374920412933528 0.9999941934414562 -0.00047222407575165553 0.03514875377254613 0.0003533100599793787 0.9993820291961619 0.3432162687593155 0.00149915072575165 -0.04159888764206884 
0.9994102755385097 -0.003432470320229032 -0.03416605472601377 0.0034181356661645737 0.9999940439342149 -0.00047795885101191427 0.034167491810314594 0.0003608927767547684 0.9994160556343868 0.34569792968473984 0.003533801442437267 -0.07326525867556294 
0.9994736307985653 -0.0034028182819136163 -0.032262705498351425 0.003386340121239705 0.9999941065077048 -0.0005653763704634231 0.03226443923139472 0.00045582627970598406 0.9994792635084964 0.3504344915956834 -0.00012549478277480868 -0.13507982964745144 
0.9995030072006048 -0.0033529329421878497 -0.03134479921187555 0.003332521301785892 0.9999941997370683 -0.0007034159463291657 0.03134697591029709 0.0005986091425950836 0.9995083835408154 0.35287866971055315 -0.005089921714967893 -0.16838001649092335 
0.9995375631045882 -0.0033723940353985963 -0.03022063701200376 0.003351861143407241 0.9999941159976187 -0.0007300664466161116 0.030222921265433633 0.000628433458025544 0.9995429856197142 0.35317323308717863 -0.0114319824020715 -0.19731145003989178 
0.9995717091105382 -0.0032773147183241405 -0.029080191781944226 0.0032555411155646887 0.9999943838561868 -0.0007960578686111287 0.0290826373955745 0.0007010451642838924 0.9995767648048823 0.353733684933668 -0.017738357750093425 -0.22861279148943217 
0.9996021084933285 -0.003422934448125889 -0.027998360942308852 0.0033968348447486816 0.999993750838281 -0.0009796925147546602 0.028001539399280784 0.0008841968953792046 0.9996074889611025 0.35619156455313605 -0.02214047444239075 -0.2635535126385398 
0.9996330066113209 -0.003426784976484888 -0.026872090315710917 0.00339977639793266 0.9999936687520845 -0.0010507027126025106 0.02687552071411542 0.0009589580132350495 0.9996383279896154 0.35747335756838067 -0.026878408588094094 -0.29657985160190603 
0.9996641241039415 -0.0034001483268930725 -0.025691982618217698 0.00337343770138662 0.999993723582348 -0.0010829191962202333 0.025695503450497665 0.0009958851669771786 0.999669319982943 0.3585600631652164 -0.02907714392588358 -0.3286022604407999 
0.9996954580251077 -0.003326351742287508 -0.024452537456399453 0.003297211411673598 0.9999938053509932 -0.0012319320381802758 0.024456483820794166 0.001150931677618819 0.9997002329475555 0.3577531589638418 -0.028494699289826765 -0.35823330209082666 
0.9997203373905048 -0.0033996727637655853 -0.02340276122415128 0.0033700500222625727 0.9999934697129711 -0.0013051031608995215 0.02340704532107323 0.001225869696359427 0.9997252659970262 0.3600407948871076 -0.024874299037129507 -0.3932969535210158 
0.9997447447841652 -0.0036317322239888764 -0.022299233114565744 0.003599204462835623 0.9999923998501252 -0.0014986558050829005 0.02230450635363197 0.0014180137660281548 0.9997502179210966 0.36248312389749404 -0.017612681945768628 -0.4318950713661173 
0.9997745021456169 -0.0033734923110991626 -0.020965791401970153 0.0033461105933461294 0.9999935026606447 -0.0013409624873669873 0.020970178906749164 0.0012705062464952602 0.9997792943497563 0.3605611042396126 -0.013444076332509925 -0.46216014824178997 
0.9997995099931504 -0.0033307596059741393 -0.01974451462821047 0.00330113849173452 0.9999933767536231 -0.0015326230928821866 0.01974948865451445 0.0014671364400279958 0.9998038833734101 0.361324232667838 -0.005020231481193465 -0.4954661777047405 
0.9998213170356517 -0.00339672197993904 -0.01859559842774245 0.0033672901566311852 0.999993028457842 -0.001613813097814036 0.018600950462164915 0.001550907961363411 0.9998257844876773 0.36409271557190975 0.0011836829870757845 -0.5316968248795978 
0.9998423010723326 -0.0034519529696924026 -0.017420017424731687 0.003423749901823562 0.9999927800555903 -0.0016485670449239522 0.017425582429080728 0.00158866528472109 0.9998469008901415 0.36574744015813 0.006703838394502787 -0.5667078404297402 
0.999862594979347 -0.003395214154416613 -0.016225402368261012 0.0033668433211940683 0.9999927558847486 -0.001775540502609936 0.016231313169822452 0.0017206681468332388 0.9998667830135731 0.36689121188621476 0.010500428625844237 -0.6004536512321971 
0.9998828516662408 -0.003288829365473255 -0.01494879744966035 0.0032601289718622826 0.9999927964250377 -0.0019438768273399494 0.014955082844069944 0.0018949140977484549 0.9998863709430632 0.36554139961346593 0.01186750925452676 -0.6301866257901878 
0.9998966838171441 -0.0034346878343757166 -0.013957958695973396 0.0034064163300222055 0.9999920994534303 -0.002048745593652487 0.013964885222036948 0.0020009873066423687 0.9999004840635562 0.3688005991859433 0.010368434798408354 -0.6668144919878944 
0.999910003219464 -0.0034321315895083308 -0.012969423055933366 0.0034040492777451855 0.9999918153055156 -0.002186725976022778 0.012976822036467921 0.0021423806225386996 0.9999135024066342 0.3707139508994374 0.007064129697287658 -0.7010739921328187 
0.999924351901077 -0.003349510585767116 -0.011835170216223906 0.003322402941340404 0.9999918142353283 -0.0023093507814693904 0.01184280853119445 0.0022698548791353795 0.9999272951794651 0.3704161585392488 0.0026404263923975294 -0.7317419397337599 
0.999936357400089 -0.003296540041666974 -0.010789530721719148 0.003270533588152298 0.9999917063660221 -0.0024270989308282425 0.010797442266111113 0.00239165694131626 0.9999388457388706 0.372621992525124 -0.002664378027780319 -0.7682581830863663 
0.9999449976034765 -0.0034101260818136868 -0.009918306704746927 0.0033833518300856592 0.9999905907934015 -0.002715005535495837 0.009927471892538899 0.0026812990825439537 0.9999471265707266 0.37620728028999273 -0.007071469737561875 -0.803451425524099 
0.9999533434249784 -0.00345193375342854 -0.009021924770752745 0.0034259554212847307 0.9999899456647343 -0.0028933369822915934 0.009031821668885573 0.0028622932770188333 0.9999551157299701 0.3785592745262156 -0.011586136066921436 -0.8404818983313049 
0.9999596344755722 -0.0033541958218892107 -0.008335393804028098 0.0033290781095139644 0.9999898819534984 -0.0030254304766631737 0.008345457352390218 0.0029975591765281956 0.9999606832173766 0.3814104902874496 -0.016413592918920833 -0.874066043149703 
0.9999661147103435 -0.0032542077347397823 -0.00756171694255972 0.0032303870700055885 0.9999897886652271 -0.003160247561855267 0.0075719238293960435 0.0031357132033129603 0.9999664160721741 0.3816979035828882 -0.02008220968720992 -0.9036902790555827 
0.9999687450300468 -0.003290919673608253 -0.0071887975861845916 0.0032662585872598165 0.9999887504987798 -0.0034395393194928325 0.0072000359634120424 0.0034159513449468007 0.9999682448750733 0.3842505899187166 -0.01954253118422459 -0.9373180123083901 
0.9999698190818465 -0.0033672790232650543 -0.0070015967749261065 0.003341585485389448 0.9999876524914292 -0.003678134190656124 0.007013895626754869 0.003654626747031516 0.9999687239966443 0.388561077460858 -0.01796414286855314 -0.9717076544064016 
0.9999719752851736 -0.0033337024337833847 -0.006703362764394216 0.0033082200939425943 0.9999872737925306 -0.0038089280371804194 0.006715975288676588 0.003786645093664228 0.9999702780557312 0.3891153979452522 -0.01513068097220344 -1.0027315406497936 
0.9999733923212577 -0.0032065045929753773 -0.0065523261374220414 0.003180073552280896 0.9999867815242388 -0.004040285756763647 0.00656519472049381 0.00401934137508267 0.999970371117661 0.39003808359122083 -0.011001531622539312 -1.0319107758269808 
0.9999714323334248 -0.0032696144875087635 -0.00681499362743561 0.00324136934848785 0.9999861292270531 -0.004151491086599088 0.0068284728736078765 0.004129282576731826 0.9999681599849146 0.392944027805848 -0.005790832901154639 -1.0643457806488557 
0.9999661138056751 -0.003403250318373018 -0.007495940744575252 0.0033709737764979304 0.9999850115490865 -0.00431430330083688 0.007510511046117482 0.004288888485836705 0.9999625981302412 0.399506007464815 -0.00041888942745066756 -1.1009969773830353 
0.999954205378582 -0.0032992296141136244 -0.008983441970750822 0.0032575374377927973 0.999983875002195 -0.004651686300230815 0.00899864409396605 0.004622209379477782 0.9999488284831991 0.4028857426142413 0.008217984795544173 -1.1610630429238427 
0.9999462129514459 -0.0031424950387581897 -0.009884125100027365 0.003096365942981607 0.9999842603922792 -0.004678833792036535 0.009898672739754276 0.004647977263040291 0.9999402045049262 0.40289989431584544 0.008284592037411961 -1.1901193218054247 
0.9999308634126445 -0.003293132081534413 -0.011288209598377416 0.0032339759672601327 0.999980964183137 -0.005254775999691117 0.01130529938951265 0.005217906903856632 0.9999224788218615 0.4050452854796895 0.013003366041467264 -1.2196113890167628 
0.9999062584652229 -0.0033078967926048032 -0.013286538333532376 0.0032379602628481814 0.999980809019794 -0.005281780519326655 0.013303754936677334 0.00523826411395963 0.999897780122377 0.41034514365856334 0.010428761192940726 -1.2515934804106579 
0.999882170600361 -0.0031898881387995145 -0.015015642815832096 0.00310687947277348 0.9999797820120859 -0.005548230979587826 0.01503303746594023 0.005500925442427434 0.9998718655926991 0.40973670339412344 0.008058924964241732 -1.2756654086866084 
0.9998450668301435 -0.003123673342454009 -0.017322961648505435 0.0030248505970820235 0.9999790199485423 -0.005727996300472868 0.01734049060122811 0.005674709472963398 0.9998335386743666 0.4130070200466899 0.003802357973270439 -1.304296397840617 
0.9997959149067045 -0.0031977488774251233 -0.019947504555269394 0.0030792598130336656 0.9999774507078126 -0.00596793388937744 0.01996613870705607 0.0059052923738854984 0.9997832169161021 0.4165560243220594 0.0006165885750561214 -1.3347933572515096 
0.9997376630504318 -0.003067374394964204 -0.022697935870522865 0.0029278959804168022 0.9999766440152289 -0.006175665888630088 0.022716348817296977 0.00610758858808025 0.99972329414596 0.4192308573776489 -0.003950968974043425 -1.3641060181279165 
0.9996645625494787 -0.003038560255738708 -0.025720216451884242 0.002874111774348924 0.9999752079213651 -0.006428298696489976 0.025739111567186633 0.006352219627420871 0.9996485119488434 0.42211833707759183 -0.006423837711945021 -1.3915851112699915 
0.9995637600657892 -0.0030504504769660974 -0.029376594680613672 0.0028597712037255777 0.9999745856063088 -0.006530685274407927 0.029395769624281382 0.006443825989162331 0.9995470803493037 0.42876596861131383 -0.008465934821245474 -1.4229290244736574 
0.999443705304048 -0.0029102032172034003 -0.03322364587684025 0.0026872205241241943 0.9999735791518825 -0.006754246370139151 0.03324242430945479 0.00666120975562181 0.9994251195115228 0.4325332462476454 -0.007479119418608352 -1.4503691833490513 
0.9992923765408127 -0.003039053386949226 -0.03749013659518724 0.0027807411744464995 0.9999720490610208 -0.006940358436285937 0.037510180830479384 0.006831196909375392 0.9992728962014581 0.4409763796042949 -0.004674919807464284 -1.4836800626685496 
0.9991224409119646 -0.0029799544290341454 -0.04177879770552101 0.002686237527684257 0.9999712954282883 -0.007084662830070126 0.04179871043540492 0.006966217845559831 0.9991017663956286 0.44499201315254505 -0.0005710515393945676 -1.5099063515239253 
0.998906406484356 -0.002910732228721533 -0.046663890990819995 0.0025706640062390573 0.9999697137807879 -0.007345965405321364 0.0466838598562445 0.007217974720226796 0.9988836359005291 0.45168116144784043 0.005188566516956705 -1.5301721454031423 
0.9986502402889129 -0.002955249605621842 -0.05185522221208833 0.002566066132615605 0.9999680534360325 -0.007570165913317595 0.0518759373457447 0.0074268840788438584 0.9986259202110567 0.46017893239627705 0.011589625367876093 -1.5585273415510186 
0.9983449959536571 -0.002937694199630624 -0.05743377932090017 0.0024992269302641125 0.9999671955834817 -0.0077046493533409425 0.057454529142996605 0.00754835807949987 0.9983195877930374 0.47167864725653336 0.018638358934798496 -1.588953617564983 
0.998003193919583 -0.003085999941839031 -0.063088045861875 0.0025964275411714264 0.9999658907524976 -0.007840656578844743 0.06311009024185055 0.0076611967683191855 0.9979771653568746 0.47879203302664813 0.0244939603821508 -1.6125702777480795 
0.997598363869352 -0.0029903408119255916 -0.06919943834324464 0.0024376074915927735 0.9999644610754864 -0.008070604421532856 0.06922111292740761 0.00788254069703843 0.9975701995735692 0.48828108013417154 0.029947370227710823 -1.6361345075187703 
0.9971187538574858 -0.002929923126641612 -0.07579977741501973 0.0023210259415298723 0.9999643400876179 -0.008119814758565623 0.0758208648346437 0.007920486323872124 0.9970899971176724 0.500417643796729 0.03307139317393847 -1.664704110241423 
0.9965811389395952 -0.0029402612404080997 -0.08256747769974294 0.0022583614849840537 0.99996258063773 -0.00835087586630976 0.08258894183401634 0.008135858170440779 0.9965504876816669 0.5112726387864948 0.0355079990814109 -1.6902549633396606 
0.9959754905863529 -0.00308294017693535 -0.08957297377635265 0.002318258420741525 0.9999599893832024 -0.008639751769608477 0.08959602574427272 0.008397327706552224 0.9959427880446851 0.52244788317451 0.035006215700209196 -1.7167122369239898 
0.9952820404036405 -0.003003789438493136 -0.09697750924299456 0.0021595214516192565 0.9999588628714098 -0.00880959885675159 0.09699998204672974 0.008558610513750451 0.9952475841060896 0.5353401868206029 0.033100282892617565 -1.7459233368621103 
0.9945107682024988 -0.0030875877860008943 -0.10458871225394986 0.0021470165746550053 0.9999562487940297 -0.009104439444631456 0.10461224712768549 0.008829909367402508 0.9944738862591916 0.5485766084530265 0.03144146106642424 -1.7708585807753996 
0.9936445470531364 -0.003236861256609113 -0.11251682914467949 0.0022221133171384175 0.999955734053844 -0.009142874014441717 0.11254144269545031 0.008834741764399249 0.9936077551096223 0.5639430600367716 0.02670743794145674 -1.8010608512544688 
0.9926949256304574 -0.003130499801061508 -0.12061088092927717 0.0020147897984602843 0.9999540583423595 -0.009371330039705417 0.12063467681230279 0.009059866204344225 0.9926556268791059 0.5800352793191815 0.024874845310173282 -1.827067534923441 
0.9916356758034558 -0.0031523554678608225 -0.12903003188726186 0.0019104885472958516 0.9999506691034233 -0.009747276190132772 0.12905439359949827 0.009419236413867412 0.9915927800655093 0.5982120438341213 0.024681227190894064 -1.8485897353149972 
0.9904712691650107 -0.0032695487734385534 -0.13768069948061346 0.0019396869575705501 0.9999501750622978 -0.009792089020558154 0.1377058552609856 0.009431725382877265 0.9904282608968418 0.6168675043365709 0.022781749590065868 -1.8814669172750138 
0.9892265652237412 -0.0031977841725554356 -0.14635770164916218 0.0017555020598084671 0.9999486316190034 -0.009982601654912953 0.14638210569655508 0.009618123500372435 0.9891813639733485 0.6364235908574984 0.024581792561813563 -1.9072212483839033 
0.9878894736645969 -0.0033421106656626484 -0.15512323526468946 0.0017851760970521535 0.9999466400510341 -0.010174978965590865 0.1551489638024961 0.009774832323173985 0.9878427261887722 0.6552990144067168 0.02690482341472413 -1.934985536521992 
0.9864325320889556 -0.0033147057086311176 -0.16413370270190294 0.0016355200060030987 0.9999449477399165 -0.010364678660032703 0.16415902263013585 0.009955612260476096 0.9863836480161446 0.6754904853735878 0.03075522759855181 -1.9575538273035968 
0.9832032500500252 -0.0033299167285065112 -0.182483645145665 0.0014149525650400123 0.999942572322764 -0.01062308645227923 0.18250853952707657 0.010186447423666619 0.9831514986453402 0.7195992993983477 0.03746545539300279 -2.0074426728038377 
0.9814814096013436 -0.0031929276216700895 -0.19153080123093075 0.001127425767777056 0.9999400428207252 -0.010892184116340764 0.19155409553987007 0.010474539459512761 0.9814261625333887 0.7395653256977598 0.04291143182084147 -2.030462717963206 
0.9796266889015349 -0.003244493010367059 -0.20080095531874578 0.0010386439802013824 0.9999379687337211 -0.011089630442993803 0.20082447960967717 0.01065513724855118 0.9795692912906758 0.7616989345798965 0.04692357475176759 -2.050700675008585 
0.977669656784613 -0.003169634140627513 -0.21012376263067317 0.000823951010540567 0.999936377907541 -0.011249944083399705 0.21014605232406613 0.01082559728430535 0.9776100670185679 0.7852013932725954 0.049324665381296935 -2.075716395238214 
0.9756235726526624 -0.003389573319655609 -0.21942460043752082 0.0008864947556296461 0.9999334232552834 -0.011504919991829184 0.21944898863176204 0.011029952387967435 0.9755616236500982 0.8084077382933874 0.051281636219651816 -2.0972132081596224 
0.9734713730998263 -0.0035000623865861277 -0.22878206948628826 0.0008757599633315847 0.9999326670921646 -0.011571271599833328 0.22880716509678067 0.011063943476016537 0.9734088916560882 0.8326465112443812 0.048900531136652 -2.1247657998705622 
0.9712550262088444 -0.003580707046251046 -0.2380143957854354 0.0007622186675751924 0.9999285128941507 -0.011932649496020933 0.2380401081472611 0.011408226783379476 0.971188323279733 0.8574870349302153 0.048661642511603466 -2.1435476757595078 
0.968999906414296 -0.0034401318173059303 -0.24703713660533963 0.0004554033234150088 0.9999262253345174 -0.012138224585044743 0.2470606686158254 0.011649436953927063 0.9689299854178102 0.881759247995135 0.04558970165414901 -2.1666091332310504 
0.9666342894285022 -0.003574325114368049 -0.25613546162339873 0.00039778744788492157 0.9999223852069918 -0.01245252292134375 0.25616009108797777 0.011935148174073254 0.9665606861298787 0.9063174680595039 0.04189687878107395 -2.1894238557874792 
0.964219902954945 -0.003645049646818465 -0.2650786531553014 0.00032319520264723046 0.9999208904320827 -0.012574117160732194 0.265103516178902 0.012038541879441322 0.9641448019976042 0.9313647667564557 0.03617646009410085 -2.2110115711365346 
0.9617320846783213 -0.003515373882907607 -0.27396904833713187 -2.9280712970021798e-05 0.9999163649061973 -0.012932994062338606 0.2739915992196297 0.012446097349772287 0.9616515471925524 0.9589025086289305 0.03492680567751145 -2.236173423818779 
0.9592203282768019 -0.0036074881339546285 -0.28263642343107137 -0.00014250191855570498 0.9999122549145173 -0.013246213231289551 0.2826594090309886 0.01274631323673473 0.9591356473331202 0.9833001848950426 0.03255223374696528 -2.2584241726712304 
0.956652544304037 -0.0036401084356675415 -0.29120896120687806 -0.00026645354781691297 0.9999105259170511 -0.013374197650444158 0.2912315890818153 0.012872053871192127 0.9565659787751275 1.0102199916209411 0.029646751515587724 -2.2833006517930303 
0.9540505181710929 -0.0036688098795138934 -0.2996233445703744 -0.0004644562140544966 0.9999057343139592 -0.013722491263875513 0.29964544558176504 0.01323111182516023 0.9539588799429332 1.0366130460559821 0.030745220376841027 -2.304211704267134 
0.9514395044428329 -0.0035820065762085314 -0.30781494215593985 -0.0007240455497146878 0.9999034928035078 -0.013873746335703081 0.3078349316494451 0.013422902377410601 0.9513450901477066 1.0608393372687426 0.031852962279358764 -2.32927128377419 
0.9487847686777545 -0.003246245831900983 -0.31590651245756013 -0.0012323392422484939 0.9999015696978452 -0.01397613164567249 0.31592078764318715 0.013649644822632534 0.9486873790301651 1.0883827359382952 0.03677918526042775 -2.353332038734154 
0.9461631163718612 -0.0031786879626200188 -0.3236746100025829 -0.0015282185772627797 0.9998967693183267 -0.014286891010753772 0.3236866104204311 0.014012374873994152 0.9460605855783882 1.113433784170936 0.04314922918445061 -2.373659518737164 
0.943455207969732 -0.003220542550788758 -0.33148438675217906 -0.0017033272148219095 0.9998925117670835 -0.014562403253309542 0.3314956549205267 0.014303601567133794 0.9433483119988183 1.1417660003123562 0.05030761233674548 -2.397403984946669 
0.9407774820669516 -0.003108325682412179 -0.33901042395067843 -0.002032423245057728 0.999888291261595 -0.014807911862266944 0.33901858133665713 0.014619962702407072 0.9406660715679399 1.1674059015023313 0.05725509974959945 -2.420827773876388 
0.9381426699369946 -0.003128889609822381 -0.34623480601074275 -0.002194724770849507 0.9998853459443859 -0.014982594863902002 0.34624198767143677 0.014815701653487378 0.9380282410236098 1.1907893083028898 0.0619220505288388 -2.4444061810471274 
0.935518883082454 -0.002785192520936829 -0.353265710335406 -0.0027334142947565932 0.9998819223668604 -0.015121830915761586 0.3532661147668297 0.015112379910953143 0.9354008061419319 1.2178578348890436 0.06767019223334718 -2.464533863651135 
0.9328964505940386 -0.0027671320462982927 -0.36013407982206136 -0.002951538066709708 0.9998781570761667 -0.015328386249347266 0.3601326157016125 0.015362746571064819 0.9327746164672943 1.2436984535446836 0.07037823046225028 -2.4858001601994877 
0.9303314332853779 -0.0030486795812698403 -0.366707144454516 -0.0028674071930213994 0.99987440077878 -0.015587194849142217 0.3667086066854226 0.015552756028642156 0.9302058425761202 1.2681568681526114 0.06983116734554223 -2.505448842155932 
0.9278716459056281 -0.0029042708649286474 -0.3728884202212826 -0.003271407728080325 0.9998677910403858 -0.015927910456047068 0.3728853799974697 0.015998926550313427 0.9277394719065155 1.2915691152348208 0.0706277604688733 -2.52203100863249 
0.9253411873353813 -0.002896238596953016 -0.37912438436842383 -0.003457657438923755 0.9998647706863831 -0.016077467005142242 0.37911967981863187 0.01618802465577261 0.9252060398808268 1.317319056074492 0.06674469283662485 -2.5429734537951734 
0.92287858666854 -0.0029645870601045354 -0.38507963526034644 -0.0036293321490347592 0.9998589965964306 -0.01639557480940857 0.3850739438300524 0.016528706807914254 0.9227376981756125 1.3416912694331762 0.06426079435942914 -2.562236086758044 
0.9205455039863629 -0.002830753439716799 -0.39062509126457384 -0.0039883217309972345 0.9998535157535988 -0.016644528378360984 0.3906149873984141 0.01687998430483691 0.9203993686164748 1.3646100939304524 0.060868911873749945 -2.5826960662881704 
0.9182006244304356 -0.002742706292190074 -0.3961061610954227 -0.004266212594662425 0.9998495584092942 -0.016812494723757586 0.39609268198952546 0.017127116246876295 0.9180507878997821 1.3885857756749382 0.056895546233186295 -2.6052922285551654 
0.9159167719874617 -0.0028042013847990157 -0.40135844733437676 -0.00447569479661203 0.9998420620136668 -0.017199394883152714 0.401343288156356 0.017549572155825654 0.9157595631872986 1.411865621780314 0.054817456212384 -2.6261787329466655 
0.9136864726827447 -0.0027560179399093755 -0.40641042555731627 -0.004733838338262332 0.9998370049001643 -0.01742281282847838 0.4063922002341472 0.01784286965103682 0.9135244997215263 1.4340941456318308 0.05277146266699761 -2.6466117867969845 
0.9093866015742517 -0.002591080304332061 -0.41594386061112837 -0.005399299045854428 0.9998228154604932 -0.01803289367977149 0.4159168864653691 0.018644677189723867 0.9092114823106032 1.4771953606975317 0.056683110763000054 -2.6913720041890543 
0.9073379438852925 -0.0026435586979769747 -0.42039370497596656 -0.005550548489389664 0.9998177388280148 -0.018266924653659884 0.42036537321415596 0.018907689500462597 0.9071578982075157 1.4956952346843173 0.06031427256895324 -2.713114883935849 
0.9053219358488949 -0.002622919402957333 -0.4247179214073914 -0.005782005649423144 0.9998121536843345 -0.018499344738739515 0.4246866620009151 0.019203584011800515 0.9051367087239486 1.514933270183032 0.06508488081257989 -2.7342622226663393 
0.9033740545966232 -0.0024957326503240495 -0.4288462297842845 -0.006175245394830944 0.9998036898365937 -0.01882679296762952 0.4288090295527495 0.01965586700378469 0.9031813013267926 1.5324747157014569 0.07267538227688528 -2.7548742493602294 
0.9014579235117646 -0.0025435988821005495 -0.43285926378279654 -0.006272870501637268 0.9998009672624988 -0.01893876861470993 0.4328212832492498 0.019787773136429723 0.9012625482071104 1.5488429341070695 0.07648384354282119 -2.7779145874134232 
0.8995426090475922 -0.0026028550117966863 -0.43682527359762313 -0.006462533621021312 0.9997935174455409 -0.01926546477690353 0.4367852220108276 0.020153104467066765 0.8993400481538069 1.5659714612685338 0.08181389912776396 -2.799401409885856 
0.8976617323869233 -0.0022132800909905386 -0.44067960651628363 -0.007008967097508014 0.9997891971821197 -0.01929859005623928 0.44062942319860327 0.020412314645124212 0.8974569899568974 1.5847431014570323 0.08550380793969475 -2.8227572489750705 
0.8958328105515321 -0.002280880418573828 -0.44438538806295047 -0.0072126435484349515 0.9997804819295009 -0.0196714444273488 0.44433270565240424 0.020827518751191147 0.8956197078840342 1.6009749948232135 0.08781839330255825 -2.8469543243843836 
0.8940923567888766 -0.00230045861839287 -0.44787673016339813 -0.007354544965493086 0.9997765730142406 -0.01981703106550616 0.44782225067549153 0.021012185560901505 0.8938756736022585 1.6163813618671028 0.08627543213500385 -2.870339253084039 
0.8924181630834962 -0.0023300781661842775 -0.4512032723002105 -0.007568210402124851 0.9997686890516907 -0.0201318300999464 0.4511458127811757 0.021380812136198427 0.8921941024700898 1.6306940645871042 0.08509911010383031 -2.8907656833070736 
0.8907563130211851 -0.002398100670406153 -0.45447490571656335 -0.007704061240876973 0.9997627231666316 -0.020375102621531808 0.4544159308973458 0.021650553794666145 0.8905264820695019 1.645092296445837 0.08089915897791985 -2.914631995128989 
0.889119828241189 -0.0023547583516277163 -0.45766842379769246 -0.007983385505554073 0.9997548231360965 -0.020653308983841046 0.45760484764065656 0.022017009997221233 0.8888830376863729 1.6580258812369124 0.07726852666015527 -2.9408084657279607 
0.887513919814008 -0.0023919497687595287 -0.4607746962591136 -0.008125116813351447 0.9997498089078284 -0.020839915199681022 0.46070926256495437 0.022239563059202258 0.8872724368658094 1.671272481712244 0.07275828654252407 -2.9645147220970665 
0.8859141035572048 -0.0023428134657361875 -0.4638434136036631 -0.008383958946686261 0.9997430081870037 -0.021062450322336387 0.4637735550360913 0.02254836593337473 0.8856667888336562 1.6846903899942158 0.06866067266625536 -2.989093587855293 
0.8844129815887846 -0.0021756769284894573 -0.4667000583106233 -0.008872911118084683 0.9997300103811075 -0.021475050446536696 0.4666207769115375 0.023133801531386177 0.8841548946769336 1.6967444985517572 0.06909484191855758 -3.015448991753047 
0.8829673039345775 -0.0022392507454236494 -0.46942914900824234 -0.009066638935353562 0.9997207457948765 -0.02182261409070317 0.469346925249244 0.023524799328260917 0.8827004291239727 1.7066178433267305 0.06911835855311377 -3.043242606885064 
0.8814827709401734 -0.0022750145281338033 -0.4722107038648433 -0.009241448118048178 0.9997137681302763 -0.022067565507899425 0.4721257461443036 0.02381608951236094 0.8812094380497884 1.7184282868578529 0.07123434490294825 -3.067558307543519 
0.8800214088617454 -0.0022146409655842783 -0.47492885289312786 -0.009578027508555891 0.9997029968419491 -0.022409361755105658 0.47483742621452457 0.024269599721037868 0.8797388278320711 1.7295177062935443 0.07772642401981962 -3.0960884275061646 
0.8786243578959566 -0.0020970925731606197 -0.4775089945903193 -0.009931207204720818 0.9996938108469623 -0.02266397312332582 0.47741031496541303 0.024655359600247742 0.8783345059871026 1.7397756570235536 0.08504833669174144 -3.1234698362242144 
0.8772880006824335 -0.0020006924203914258 -0.4799601661476268 -0.01023679995963736 0.9996858456919471 -0.022878327075266682 0.4798551570893085 0.024984138028267062 0.8769919161895277 1.7491314565849232 0.09259666332159465 -3.1510371825460135 
0.8759707606734972 -0.0019809721759137255 -0.48236013744331413 -0.010440958102538193 0.9996794124407273 -0.02306639841984641 0.482251192677629 0.025241792555211022 0.8756692520978477 1.7589010851231288 0.09985197634159239 -3.176043667912429 
0.8746899110177574 -0.0018962662415362439 -0.4846792379895067 -0.010798938175961382 0.9996678628502311 -0.023399720483869884 0.48456263010886363 0.025701520554097298 0.8743789163418729 1.7689758094760777 0.10829565711279877 -3.2032311226801102 
0.8734289653322244 -0.0018726016418153585 -0.48694798067326556 -0.010974944489560351 0.999662891949606 -0.023529833242105638 0.4868278885932183 0.0258958649602847 0.8731139736974937 1.7792938624599677 0.11415998774425634 -3.231545432804863 
0.8722092175396887 -0.0017073476676972687 -0.4891300091005924 -0.011543111032546242 0.9996435640314881 -0.024072836935316942 0.4889967662740668 0.0266426322717118 0.8718786226987906 1.788289118572474 0.12282712355456252 -3.2558760646261997 
0.8710046827420835 -0.0017350206342755308 -0.49127164821996505 -0.011596231271235567 0.9996425338980751 -0.02409007766985981 0.49113783204072814 0.02667947010782819 0.8706732083928499 1.7971286120177898 0.12175850546568877 -3.282817072088075 
0.8697544268896507 -0.0018012435486042784 -0.4934815016062242 -0.011798067126271503 0.9996316131106169 -0.024442661106144584 0.4933437366765076 0.02708124058355623 0.8694127695695044 1.8069318607350864 0.12267915648324862 -3.3082706030252984 
0.8686360388887806 -0.0017953018934138785 -0.4954474834275784 -0.012129975057655234 0.9996166294813092 -0.024888908564412237 0.4953022265735434 0.02762916856401067 0.8682812524728101 1.8142599838747187 0.12157351355741257 -3.3330313189339784 
0.8675177649903649 -0.001772784390000108 -0.4974030404627906 -0.012478725989916565 0.9996013395247767 -0.02532673326626903 0.49724964436768626 0.028178347286147383 0.8671497978552671 1.8223743207506953 0.11908848954350937 -3.357607156686356 
0.866371841370167 -0.0018759795031682803 -0.4993959483033177 -0.012678413975130951 0.9995880137307074 -0.025749963591712086 0.4992385104335817 0.028640591942258913 0.8659911236226706 1.830274722174045 0.11556905168846636 -3.3840355058621854 
0.8652455728033304 -0.0018933668916293897 -0.5013447056727043 -0.01297975134055709 0.9995730787410027 -0.026176063710393903 0.5011802318521492 0.02915605285437272 0.8648516056425974 1.8385250298164655 0.11291387324329875 -3.4091601043223485 
0.8631005486528371 -0.0018854991359603772 -0.5050286009803602 -0.013570953642197897 0.9995453417383067 -0.0269246917622648 0.5048497520375868 0.030092435964207798 0.8626825448363535 1.8542913856256986 0.11231589271500649 -3.4693408894834272 
0.8620384042152517 -0.0017604252005923122 -0.5068399062437127 -0.013953555474627819 0.9995325094473321 -0.027204059394426487 0.5066508540875451 0.03052316269707514 0.8616108452145488 1.8617975131555329 0.11398783832113564 -3.4978182932533057 
0.8610102540048019 -0.0017123018507446469 -0.5085847132198907 -0.014314439190114905 0.9995165833193571 -0.02759884961862017 0.5083861124472807 0.031042997470776636 0.8605695166450937 1.8684156937647425 0.1185282437229222 -3.5260971119881805 
0.8599799116214669 -0.001721023949875453 -0.5103249843816173 -0.014561339918393574 0.9995044063371167 -0.027908942876235767 0.5101201025124524 0.03143214579458342 0.8595286506123185 1.874713966169042 0.12422852163256856 -3.555665720263413 
0.8590231101746566 -0.0016659484868586137 -0.5119340981039445 -0.014884104006330424 0.9994906912844228 -0.02822802656431264 0.5117203920441208 0.03186820753393474 0.8585608060672147 1.8801343458953186 0.1301548672141431 -3.5836308602526055 
0.858131546728367 -0.0016700128540654662 -0.5134271706548531 -0.015271778939917338 0.9994692197128806 -0.02877588599045952 0.5132027097332893 0.03253444180546031 0.8576505633524741 1.883638940920541 0.1385617048973519 -3.612578173859682 
0.8572415291053219 -0.0016268578124692939 -0.5149119479200571 -0.015534172045499438 0.9994581307606913 -0.029019551257825894 0.5146801436582048 0.03287549528148235 0.8567517444008894 1.8879733907808844 0.14354422968307645 -3.639411902278064 
0.8563125252401601 -0.0015570097865463487 -0.5164556465344771 -0.01595757556548045 0.9994382306291452 -0.029471663321836275 0.5162114052390668 0.033478334447942404 0.8558066289902758 1.8930928671499827 0.15087616707429266 -3.666479351634291 
0.855412967428927 -0.0014963923030721672 -0.5179444139717241 -0.016300610088552173 0.9994226972751642 -0.029808761832329316 0.5176900088519948 0.03394161135407169 0.8548947430844986 1.8978377986670611 0.156928676149409 -3.6946482979537767 
0.8545620398780946 -0.0014958461222523596 -0.5193471694769968 -0.016670503724422702 0.9994015481667102 -0.030309071703977824 0.5190817029186868 0.03455876106519739 0.8540256891503175 1.901312316534626 0.16179106313401925 -3.7243395998224558 
0.853652544107388 -0.0015736657408082942 -0.5208405298314641 -0.01682415156770583 0.999390286330719 -0.030594174475384706 0.5205711112451507 0.03487949489226623 0.853105584891489 1.9067311949751369 0.163358435045426 -3.7528175657531504 
0.8527995957856715 -0.0016493814258205682 -0.5222357025029096 -0.017037884874653842 0.9993748158254573 -0.030978831043656632 0.5219603049148407 0.03531652636862154 0.8522383370034824 1.9108100874814318 0.16371520630641273 -3.7818192278888247 
0.8519614011840893 -0.0018227755801732979 -0.5236014212945069 -0.017175047268143295 0.999358543290127 -0.031424826242521416 0.5233228340554045 0.035765618157945246 0.8513835985699982 1.9148152916800947 0.1621904645564871 -3.811341243754663 
0.8510624850532418 -0.0018008598668393713 -0.5250613330257148 -0.017526882266152774 0.9993394029972075 -0.03183655155969712 0.5247718122508382 0.036297582852372424 0.8504687122675626 1.919826659459003 0.1587349601082834 -3.839275698034225 
0.8502313941919102 -0.00203910211679311 -0.5264051846183108 -0.01763457351618969 0.9993208975249718 -0.03235375691920196 0.526113674168789 0.036791110780214256 0.8496180412515822 1.924215622990272 0.1538667905612271 -3.868134541915968 
0.8494221443481408 -0.0020042042645887874 -0.5277101513674644 -0.018017341478321323 0.9992996320536456 -0.03279665811484593 0.5274062912945389 0.03736614166212952 0.8487911258726882 1.9286105151017525 0.14957230451935521 -3.8964345907578375 
0.8485550037204203 -0.0018168658606784946 -0.5291040584417037 -0.01856058097205357 0.999276435249786 -0.03319805398603883 0.5287815338067483 0.037990853542983295 0.8479072971451881 1.9335498956471735 0.14700666819140404 -3.925521616735396 
0.8477671877451228 -0.0020213567736101206 -0.5303646948086943 -0.018672768817836534 0.9992590220015671 -0.03365612356091049 0.5300397372720288 0.03843593455694063 0.8471012665834784 1.936372657309409 0.14529837638005616 -3.957762134607627 
0.8468665839426879 -0.0019042077036571323 -0.531801996042008 -0.019163250763871785 0.999234878309666 -0.0340943952817453 0.5314600256100204 0.03906445907072389 0.8461821371407625 1.9418803617180764 0.14704496237687917 -3.9876728482693857 
0.8459878495175359 -0.0018186006677528496 -0.5331990727301635 -0.019536913801824287 0.9992169666059973 -0.03440585191227141 0.5328441305558268 0.039523996993223134 0.8452898829359574 1.9469495013669846 0.15116542923038467 -4.017738798543774 
0.8451263447604955 -0.0017893712547527273 -0.5345636159918451 -0.019889679839014605 0.9991967213819523 -0.03478954750293122 0.5341964638854001 0.040033862292687634 0.8444118828168304 1.9522490942156288 0.15958597936920046 -4.050080733824215 
0.8443218119747763 -0.0018063635798548968 -0.5358333835011104 -0.02020051624558282 0.999176157721164 -0.035198650329005064 0.5354555228653848 0.0405430991931919 0.8435897344922877 1.9570703890098275 0.16738753546413385 -4.079928202500586 
0.8435162949774657 -0.0017682612929815315 -0.5371006733932558 -0.020539119815724344 0.9991569530730555 -0.035546134571333474 0.5367107271749695 0.04101531881831193 0.8427688526265953 1.9630665720686278 0.17662814613605146 -4.1089996836624065 
0.8427351249538609 -0.0018176028153256835 -0.5383253713963387 -0.020810931024169935 0.999136789315723 -0.03595248789410372 0.5379260305273463 0.04150147655052954 0.8419698409831663 1.9702549943500216 0.18594729962366335 -4.1388967141098165 
0.8419174486529751 -0.0019557628148103925 -0.5396028026664402 -0.02100542584715245 0.9991166961759281 -0.0363950478427757 0.5391973495285792 0.04197621248171823 0.841132698120246 1.9786863060501383 0.19497315835169066 -4.169535738691888 
0.841177455499432 -0.0018913032247753325 -0.5407558703626 -0.021432132535274276 0.9990915740087645 -0.036833278969974945 0.5403342965743444 0.042572875364503104 0.8403727733742372 1.9857627832277462 0.20416392878357464 -4.200851431105407 
0.8404542417804427 -0.002049222079584174 -0.5418786470808106 -0.021440925003460932 0.9990839975486808 -0.03703312810367744 0.5414581740155533 0.042743029034170765 0.8396404464178264 1.9931984211271623 0.20747711777446645 -4.230747572585011 
0.839678250681004 -0.001922285136673519 -0.543080786028324 -0.021917952474978658 0.9990590639493457 -0.03742445857940597 0.5426417222188076 0.043327722770882156 0.8388460345897191 2.0026836472163856 0.2129023018001112 -4.260061596680244 
0.8390630114611454 -0.0020530996961136104 -0.544030373765465 -0.02202042318521672 0.9990452214085048 -0.037732566087870546 0.5435884139314393 0.04363977958777252 0.838216681936737 2.008687536927893 0.21364951046817904 -4.292364393511033 
0.8383880718924374 -0.002182118063572958 -0.5450694261002333 -0.02220621664563311 0.9990250441229804 -0.03815553901288926 0.5446212673507786 0.04409307854792559 0.8375222239280568 2.016183419843758 0.21324617931530146 -4.322148429213224 
0.8372111078867253 -0.002347925588628773 -0.5468748010984895 -0.02265870739594343 0.9989831626555087 -0.03897722039785163 0.5464102339911171 0.04502363797193586 0.8363065994081027 2.0293990349473128 0.20855607403530385 -4.383833280224976 
0.8366670161249696 -0.0023365645259463674 -0.5477068966105465 -0.02290071553089342 0.9989671840747785 -0.03924439284637469 0.5472329132615406 0.04537736889599899 0.83574938410708 2.035023864195358 0.20531646661532685 -4.415925790225975 
0.8360758372033085 -0.0023305568704178412 -0.5486089344418851 -0.02322632247364606 0.9989440318454038 -0.039640373166747164 0.5481220050218173 0.04588452620571028 0.835138837478979 2.0415012068060903 0.20385550190846177 -4.448127974720653 
0.8356031364757947 -0.002266793618699834 -0.5493289178247445 -0.023609494179402186 0.998919301992602 -0.04003523312290798 0.5488260107688114 0.04642294425500214 0.8346465839804831 2.0456758189089204 0.2034156808523228 -4.479011516907094 
0.8351431498663171 -0.002349451445402261 -0.550027635041433 -0.02379848536254467 0.9989000655429261 -0.04040162314544664 0.5495175623452038 0.04683096343492882 0.8341686337533565 2.051130524321072 0.20446644472886463 -4.509792562384721 
0.8346416706582832 -0.0023843148400372396 -0.5507881594982715 -0.023973993820488426 0.9988856578354801 -0.04065329249735184 0.5502713232770222 0.04713552389995935 0.8336544327031622 2.056319018781515 0.20801878151933612 -4.542418793274626 
0.8342006478415566 -0.0023047950114774302 -0.5514562240655939 -0.02434257613029999 0.9988626424976446 -0.040998297647138644 0.5509235138638285 0.04762467157448851 0.8331957588282325 2.060673300650607 0.21451062371857688 -4.574939557212591 
0.8338113799475392 -0.0023934422560107395 -0.552044250132313 -0.024555185927981848 0.9988400865383333 -0.04141888902586515 0.5515030602943404 0.04809109021702287 0.832785459483843 2.0649691656884026 0.22356884457066276 -4.603373643708204 
0.8333880076580247 -0.002460979060497243 -0.5526828858159551 -0.024738429870473692 0.9988217585360112 -0.04175050613554182 0.5521344390448144 0.04846687793838236 0.8323451945939101 2.0681488840985853 0.23224566168900598 -4.633485369675305 
0.8329955800906482 -0.002357471693059403 -0.5532746206692123 -0.02505655142650122 0.9988041957356909 -0.04198032648027782 0.5527119799498248 0.04883258039460991 0.8319404103131116 2.0721875537757626 0.24178511626646412 -4.665273919248973 
0.832658828478495 -0.002456049006111051 -0.5537808620565536 -0.025242304215903517 0.998782482525889 -0.042383707686965685 0.5532107206433114 0.04926987337818066 0.8315830554686682 2.075156826774094 0.25260996664028085 -4.695470936024714 
0.8323463834784304 -0.002432760355128202 -0.5542504664747089 -0.0255408889780113 0.9987597128057523 -0.04273990016815947 0.5536670126534456 0.04973045096543821 0.8312519000556832 2.077393669423164 0.26255370324290456 -4.725729799346485 
0.8319647665694153 -0.0023787149056421486 -0.5548233673003471 -0.025820176467103124 0.998741383204455 -0.0429996274641941 0.5542273411464882 0.050099812277587405 0.8308562229022809 2.081480818034258 0.26960237222683314 -4.754327978399147 
0.8316211161591425 -0.002541383594844156 -0.5553376095022251 -0.025825907270419453 0.998730644304881 -0.04324491461451627 0.5547425904614516 0.05030548176671171 0.8304998596221057 2.0838715019185106 0.2731075942462325 -4.782763943159305 
0.8312604641275797 -0.002687061123384368 -0.5558766234344812 -0.02602143077975161 0.9987039993765512 -0.043740219129036716 0.5552737396262994 0.0508242199330275 0.8301132288727989 2.085797872683494 0.2783224045981517 -4.811730609129128 
0.831055949032457 -0.0027592930093411506 -0.5561819809018005 -0.026129552446108185 0.9986898606705812 -0.04399782588652866 0.5555747079077018 0.051097441187047815 0.8298950508572804 2.0866572582840837 0.2778927583685928 -4.842434702006931 
0.8306974390543916 -0.0028625664026358678 -0.5567167776006626 -0.02629158701920982 0.9986693346770066 -0.04436566721910305 0.5561029735583928 0.05149141374419018 0.8295167973646694 2.0904961459884945 0.2768024784468018 -4.871245357062661 
0.8304386749227463 -0.002879436357091026 -0.5571026081780794 -0.026481984266741396 0.9986522267180622 -0.04463669544614797 0.5564802886912072 0.05182122072396181 0.829243178676092 2.0928793113301336 0.27398000514073234 -4.901416415108949 
0.8302911650949297 -0.0029465661575652086 -0.5573220782574322 -0.026662303585118723 0.9986310823023964 -0.04500092251364789 0.5566917483965783 0.0522233588293923 0.8290760025834407 2.0942741547391814 0.2708106477119302 -4.933346628454605 
0.8300524917511488 -0.0030424282470045173 -0.5576769715239017 -0.02681035261890098 0.9986112006313721 -0.0453527834429105 0.5570404526873781 0.052596707158634716 0.828818146800557 2.098140941614268 0.26959197806156615 -4.96629218244254 
0.8299108123924522 -0.0030321565657889914 -0.5578878467045687 -0.027051754104063845 0.9985902587649473 -0.04566943944968876 0.5572398460932177 0.05299340644189677 0.8286588277449839 2.0995152508707613 0.2700007261991734 -4.998936944852684 
0.8297118172428192 -0.003124614156658583 -0.5581832468947725 -0.027149173671194484 0.9985749395097098 -0.04594575662834066 0.5575313647648801 0.05327595113699425 0.828444597021345 2.103557559283442 0.2716265312324135 -5.02972036078076 
0.8294581550017178 -0.003267812537484656 -0.5585592990026808 -0.027214494680128647 0.9985588658659175 -0.04625540703396772 0.5579054941300109 0.05356783364849319 0.8281738626748347 2.10823411918516 0.2785871349007956 -5.061113426166289 
0.8293033760393977 -0.003336643274055964 -0.5587886696250374 -0.027172690738997918 0.9985584087645812 -0.04628983866412105 0.5581375774552902 0.05357211118865185 0.8280171939852038 2.1114505713037177 0.28360033816877256 -5.096149008493607 
0.8292291753398349 -0.0031548015815293685 -0.5588998318054843 -0.027590807989164707 0.9985338068699164 -0.04657235072848901 0.5582273032374201 0.054039649932744065 0.8279263216950068 2.1138515786267935 0.29450674181571035 -5.127806495966326 
0.8291938281916299 -0.00317461779670377 -0.5589521599303063 -0.027723560508023985 0.9985195563911985 -0.04679850101319674 0.5582732301316872 0.054301172235681025 0.8278782417796491 2.1152164985816397 0.30502036587177994 -5.159932215196656 
0.8291059370962153 -0.0032637888666592688 -0.559082008970098 -0.027702783258513743 0.9985148215468421 -0.046911693116000436 0.5584047822785355 0.05438289099994467 0.82778415078748 2.1189692167477947 0.31394248233759126 -5.192320046256477 
0.8289639556908988 -0.003197860437924721 -0.5592928873621739 -0.02790389850258513 0.9985018995750329 -0.047067281559576596 0.5586055250475555 0.05462353186741578 0.8276328516635104 2.1242950972659194 0.3225385191916376 -5.22168159592225 
0.828967955682534 -0.0033475014071159444 -0.5592860830432397 -0.02788079220046036 0.9984915053691873 -0.047300899905275424 0.5586007428188714 0.054804269358358325 0.8276241309811487 2.126917727172738 0.3307123385322785 -5.254017017485113 
0.8288469372592718 -0.0032926136438822685 -0.5594657391577404 -0.028096313352787686 0.9984759684199254 -0.04750092276865955 0.5587694978896993 0.05508991907131753 0.8274912380471523 2.131656513118105 0.3372844180884764 -5.283478488430824 
0.8287662571314467 -0.0033066929399072006 -0.5595851649410784 -0.028381838762808427 0.9984471689661214 -0.04793455968275346 0.5588747286009403 0.05560860154093678 0.827385473141683 2.140690579436869 0.3430432833726055 -5.342492622976309 
0.8288538493633726 -0.0034708186290816935 -0.5594544215694105 -0.02833821995844314 0.9984366701201497 -0.048178429291274756 0.5587470283456607 0.05578681902951168 0.8274597205528871 2.1431538161800368 0.34251857963709825 -5.371229480750159 
0.8288659268752273 -0.003372118666887811 -0.5594371314821415 -0.028492444156868788 0.9984296540860504 -0.04823283598936976 0.5587212685152035 0.05591828553618356 0.82746824075094 2.1480863364566694 0.33877343023137235 -5.403826671310167 
0.828776944760365 -0.0035986242809587874 -0.5595675345630404 -0.028369501968740968 0.9984231700344008 -0.048439084389607874 0.5588595057719967 0.0560198486408384 0.8273680132604457 2.1553851949089724 0.33467487382647804 -5.433347606618349 
0.8288505473295887 -0.0035898531650332896 -0.5594585624920712 -0.028493439064376687 0.998410840483603 -0.04862013507910161 0.5587440327392552 0.056239724030963514 0.8274310843322211 2.1605550094521155 0.331559895257408 -5.464187856067898 
0.8289446477236885 -0.003587524926674558 -0.5593191402724838 -0.02855879750481429 0.9984036309620575 -0.04872971133568063 0.5586010795687106 0.0563677154644415 0.8275188907559698 2.1664975532724036 0.3278451380355706 -5.495356649029303 
0.8289764721347382 -0.003729614038948016 -0.5592710421845244 -0.02860050962522604 0.9983867087895768 -0.0490508976624703 0.5585517160444688 0.0566574769243854 0.8275324228163763 2.1735406561392407 0.32697055513457435 -5.52558678493421 
0.8290339870075382 -0.003682228171725848 -0.5591860956623266 -0.028720952383418975 0.9983781215925347 -0.04915519524476992 0.5584601644527339 0.056811684722893226 0.8275836375849706 2.179824727878801 0.32588038175031825 -5.556077258455165 
0.8291324117316373 -0.003696235340760648 -0.5590400537174276 -0.028815759678854705 0.9983663407612994 -0.049338642350835224 0.5583091400023907 0.05701743136268812 0.8276713820778099 2.1860900848541 0.32799104762734005 -5.586228024491909 
0.8291856262366493 -0.0037466827517995648 -0.5589607853963399 -0.02874327032182396 0.9983688095080994 -0.04933097011601222 0.5582338413727193 0.05697089230245305 0.8277253746119664 2.1927545035489664 0.33021612493873037 -5.616355212731837 
0.829273152929736 -0.0036497889072118466 -0.5588315639536724 -0.02881565441164933 0.9983691813250277 -0.04928119155643727 0.5581000769492898 0.05697066632335156 0.8278155877294594 2.198395370461517 0.33428455712672484 -5.647168158892181 
0.8293323910002816 -0.0038626493234331614 -0.5587422171072812 -0.028751179414754604 0.998356410460844 -0.04957668175664199 0.5580153715804043 0.05718004574974516 0.827858253234236 2.203474830297501 0.34383086784992384 -5.675912856871554 
0.8293899845002726 -0.0037245815347717957 -0.5586576600235859 -0.02888971298728877 0.9983539311486889 -0.04954606587279123 0.5579226094129451 0.057232470262515545 0.82791714938966 2.2085191179606714 0.3501046531850719 -5.7023834694811155 
0.8295118659350762 -0.0038382901317196814 -0.5584759008245322 -0.02885121711783201 0.9983466692647127 -0.049714537500353304 0.5577433742714725 0.05735150823578279 0.8280296691298887 2.211569980814757 0.35966806572472076 -5.731918672822694 